#sensor_value	delta_value	duration_ns	duration_samples
535000000	8000000	40075856	9346
537000000	2000000	80149507	18685
539000000	2000000	40076850	9348
540000000	1000000	40076815	9341
537000000	3000000	40072983	9325
535000000	2000000	40075354	9347
537000000	2000000	120224636	28010
539000000	2000000	40075478	9341
541000000	2000000	40074942	9344
539000000	2000000	40075365	9341
537000000	2000000	40076966	9338
539000000	2000000	200375852	46675
541000000	2000000	40076237	9359
537000000	4000000	80151001	18726
541000000	4000000	40074186	9362
539000000	2000000	120226711	28103
537000000	2000000	40075374	9371
539000000	2000000	40073705	9374
537000000	2000000	40072468	9359
535000000	2000000	80153419	18733
537000000	2000000	40075186	9373
535000000	2000000	40075373	9364
537000000	2000000	40074077	9354
541000000	4000000	40074216	9351
539000000	2000000	40075504	9353
541000000	2000000	40076155	9353
537000000	4000000	40075647	9360
535000000	2000000	40076042	9391
537000000	2000000	40075346	9403
539000000	2000000	80149813	18789
537000000	2000000	40073812	9387
539000000	2000000	80152249	18799
537000000	2000000	80152222	18792
535000000	2000000	120223650	28146
533000000	2000000	40074252	9402
535000000	2000000	160300673	37566
537000000	2000000	40074830	9398
535000000	2000000	80151404	18770
537000000	2000000	40076805	9388
535000000	2000000	40074555	9391
532000000	3000000	40074915	9362
535000000	3000000	40076291	9396
532000000	3000000	120224941	28194
535000000	3000000	40075280	9367
533000000	2000000	40073593	9401
535000000	2000000	40075221	9401
533000000	2000000	80151255	18799
530000000	3000000	40076032	9403
528000000	2000000	40073418	9400
526000000	2000000	40076964	9401
528000000	2000000	40076426	9395
530000000	2000000	80148777	18783
533000000	3000000	80151169	18790
530000000	3000000	40074274	9397
537000000	7000000	40076993	9386
533000000	4000000	40072342	9387
530000000	3000000	40078342	9401
532000000	2000000	40072364	9402
543000000	11000000	40077716	9383
530000000	13000000	80150665	18767
533000000	3000000	40075735	9387
535000000	2000000	80147294	18771
530000000	5000000	80151626	18774
533000000	3000000	40077658	9383
535000000	2000000	40073005	9397
533000000	2000000	40077505	9383
530000000	3000000	40071834	9391
528000000	2000000	40077575	9382
530000000	2000000	40075897	9380
528000000	2000000	40073401	9390
533000000	5000000	40077963	9358
532000000	1000000	40072942	9387
535000000	3000000	40075470	9387
530000000	5000000	40078643	9388
528000000	2000000	40072049	9384
530000000	2000000	40075551	9387
532000000	2000000	80151308	18787
530000000	2000000	80148435	18768
533000000	3000000	40075499	9391
537000000	4000000	40077180	9386
535000000	2000000	40073284	9378
537000000	2000000	40077668	9385
535000000	2000000	40074214	9369
532000000	3000000	40076662	9380
533000000	1000000	40072669	9385
530000000	3000000	40074455	9371
533000000	3000000	40077907	9382
532000000	1000000	40073909	9383
533000000	1000000	80149062	18752
535000000	2000000	40077858	9377
530000000	5000000	120222742	28165
533000000	3000000	40077158	9383
532000000	1000000	40076306	9389
530000000	2000000	160300559	37580
532000000	2000000	120225433	28141
537000000	5000000	40072874	9386
533000000	4000000	80151268	18769
530000000	3000000	40074417	9384
533000000	3000000	40077987	9375
532000000	1000000	40074729	9367
533000000	1000000	40074815	9380
537000000	4000000	80152022	18758
535000000	2000000	160298579	37518
532000000	3000000	40075055	9371
530000000	2000000	40075407	9384
533000000	3000000	80149769	18785
535000000	2000000	80151120	18766
533000000	2000000	40076370	9372
535000000	2000000	40075906	9384
532000000	3000000	40074989	9387
528000000	4000000	40073477	9384
535000000	7000000	120227215	28147
533000000	2000000	40075840	9382
532000000	1000000	120224237	28178
533000000	1000000	80152842	18777
530000000	3000000	40074604	9387
533000000	3000000	40078803	9359
532000000	1000000	40070994	9400
537000000	5000000	40073736	9386
532000000	5000000	80153423	18741
530000000	2000000	40073026	9388
528000000	2000000	80153308	18776
530000000	2000000	80148839	18793
533000000	3000000	40076379	9399
530000000	3000000	40072562	9394
528000000	2000000	40078254	9394
530000000	2000000	280526346	65750
528000000	2000000	40074385	9402
526000000	2000000	40075597	9399
528000000	2000000	200376276	46998
530000000	2000000	80148972	18777
528000000	2000000	40076246	9388
526000000	2000000	40073581	9383
528000000	2000000	40075977	9387
530000000	2000000	40076083	9387
533000000	3000000	80152626	18770
535000000	2000000	40073051	9388
533000000	2000000	40077370	9384
528000000	5000000	40075317	9401
526000000	2000000	40073260	9381
531000000	5000000	40074221	9390
530000000	1000000	200378726	46915
528000000	2000000	40071848	9389
526000000	2000000	40077673	9398
530000000	4000000	80149264	18795
532000000	2000000	40075311	9391
528000000	4000000	40076555	9390
530000000	2000000	40075003	9389
533000000	3000000	40072569	9397
528000000	5000000	40075319	9395
526000000	2000000	120226761	28192
528000000	2000000	80149330	18785
530000000	2000000	40078443	9388
533000000	3000000	40073552	9384
532000000	1000000	40075380	9391
528000000	4000000	40075623	9386
530000000	2000000	40075208	9392
528000000	2000000	280524830	65777
530000000	2000000	40079323	9395
526000000	4000000	80147032	18793
530000000	4000000	40076051	9394
532000000	2000000	40076772	9395
530000000	2000000	40073610	9389
528000000	2000000	80151720	18798
526000000	2000000	40075327	9405
528000000	2000000	80149179	18797
530000000	2000000	40077913	9393
533000000	3000000	40072639	9391
532000000	1000000	80150050	18796
528000000	4000000	40075031	9395
530000000	2000000	160304333	37621
532000000	2000000	40073891	9398
530000000	2000000	80148265	18780
528000000	2000000	120225603	28194
526000000	2000000	80156456	18784
528000000	2000000	40074975	9405
526000000	2000000	40072860	9394
530000000	4000000	40075189	9393
528000000	2000000	80148962	18788
526000000	2000000	120226923	28185
528000000	2000000	40073321	9396
530000000	2000000	40077325	9401
528000000	2000000	80148128	18770
530000000	2000000	40077196	9381
528000000	2000000	80151835	18788
530000000	2000000	80147929	18772
535000000	5000000	40074045	9377
530000000	5000000	80150365	18767
533000000	3000000	40075657	9389
528000000	5000000	40077781	9389
530000000	2000000	40072132	9399
526000000	4000000	40078662	9403
528000000	2000000	40073163	9394
530000000	2000000	40084014	9402
532000000	2000000	40065577	9394
528000000	4000000	40076690	9390
530000000	2000000	40075465	9395
533000000	3000000	40075540	9395
530000000	3000000	40075462	9395
528000000	2000000	40075684	9393
530000000	2000000	80147893	18779
532000000	2000000	40076517	9312
528000000	4000000	80152565	18805
532000000	4000000	80147117	18777
530000000	2000000	40074916	9385
535000000	5000000	40074921	9389
530000000	5000000	40075621	9391
533000000	3000000	40078622	9383
528000000	5000000	40073766	9383
532000000	4000000	40073948	9383
528000000	4000000	40077053	9392
535000000	7000000	40074843	9389
526000000	9000000	40073112	9384
530000000	4000000	80152813	18773
537000000	7000000	40073220	9390
532000000	5000000	40075494	9383
535000000	3000000	40076540	9390
530000000	5000000	40075082	9389
535000000	5000000	40075085	9383
528000000	7000000	40076936	9383
532000000	4000000	40073526	9384
526000000	6000000	40076661	9377
537000000	11000000	40074111	9380
530000000	7000000	40074542	9386
533000000	3000000	40077690	9382
528000000	5000000	40072596	9386
535000000	7000000	40076519	9383
526000000	9000000	40076285	9381
533000000	7000000	40073903	9381
528000000	5000000	40075616	9375
530000000	2000000	80151322	18773
535000000	5000000	40074750	9387
530000000	5000000	40076202	9405
532000000	2000000	40072545	9391
530000000	2000000	80151417	18788
528000000	2000000	40074177	9390
530000000	2000000	80150718	18785
535000000	5000000	40076680	9389
530000000	5000000	40077053	9394
532000000	2000000	40075126	9388
533000000	1000000	40073195	9387
528000000	5000000	40076654	9378
533000000	5000000	40075381	9385
526000000	7000000	40075151	9399
530000000	4000000	80149015	18767
528000000	2000000	40079129	9380
530000000	2000000	40070380	9388
526000000	4000000	80150720	18777
524000000	2000000	40077539	9389
528000000	4000000	40072878	9385
530000000	2000000	80150497	18774
528000000	2000000	40075247	9385
533000000	5000000	40076438	9389
530000000	3000000	40073405	9380
528000000	2000000	80150618	18789
530000000	2000000	40075200	9392
528000000	2000000	40075934	9388
530000000	2000000	80150501	18776
533000000	3000000	40076569	9392
530000000	3000000	40074221	9382
528000000	2000000	40074712	9385
526000000	2000000	40075274	9391
530000000	4000000	40074561	9387
533000000	3000000	40079080	9391
532000000	1000000	40074757	9388
530000000	2000000	40075516	9379
532000000	2000000	80150472	18784
530000000	2000000	80149768	18777
532000000	2000000	40074017	9397
530000000	2000000	120227970	28170
532000000	2000000	40073022	9387
533000000	1000000	40075737	9383
532000000	1000000	40075710	9386
530000000	2000000	40072955	9388
528000000	2000000	80152546	18764
526000000	2000000	80151425	18767
528000000	2000000	120222492	28170
530000000	2000000	40075470	9393
528000000	2000000	80151655	18799
526000000	2000000	40075901	9391
528000000	2000000	120225877	28173
530000000	2000000	160299750	37561
526000000	4000000	40075805	9378
528000000	2000000	40073222	9383
530000000	2000000	40079463	9386
528000000	2000000	40074325	9384
530000000	2000000	80149054	18783
532000000	2000000	80152524	18783
528000000	4000000	40074725	9388
530000000	2000000	40073659	9387
528000000	2000000	200377860	46955
530000000	2000000	40076085	9390
528000000	2000000	40072022	9388
526000000	2000000	40076305	9385
528000000	2000000	200377517	46933
530000000	2000000	80150839	18777
528000000	2000000	80149122	18796
530000000	2000000	40074467	9391
526000000	4000000	40074741	9390
528000000	2000000	40077903	9395
532000000	4000000	80147876	18755
533000000	1000000	40075559	9394
530000000	3000000	40075243	9394
528000000	2000000	200376061	46952
530000000	2000000	40078398	9398
533000000	3000000	40075064	9395
535000000	2000000	40075526	9397
537000000	2000000	40074948	9393
535000000	2000000	40071866	9382
533000000	2000000	40078843	9389
530000000	3000000	40074354	9386
528000000	2000000	80148737	18766
533000000	5000000	40076496	9401
530000000	3000000	80150240	18761
537000000	7000000	40073212	9383
535000000	2000000	40075105	9386
533000000	2000000	40078317	9379
535000000	2000000	200374529	46931
537000000	2000000	40074092	9381
539000000	2000000	40075794	9375
533000000	6000000	120229800	28140
530000000	3000000	80145722	18766
532000000	2000000	40075471	9378
535000000	3000000	40076048	9378
533000000	2000000	40076442	9382
530000000	3000000	40076243	9387
528000000	2000000	40074928	9378
530000000	2000000	40073225	9380
533000000	3000000	80150316	18770
528000000	5000000	40074774	9380
530000000	2000000	40075143	9378
528000000	2000000	80150946	18771
526000000	2000000	80151784	18779
528000000	2000000	120224289	28147
530000000	2000000	80150515	18767
528000000	2000000	40078684	9393
530000000	2000000	400750867	93953
533000000	3000000	40079463	9377
528000000	5000000	40071771	9384
532000000	4000000	80148292	18767
533000000	1000000	40075352	9379
530000000	3000000	160300815	37531
528000000	2000000	80152024	18760
530000000	2000000	160301434	37546
528000000	2000000	40076467	9384
530000000	2000000	40072921	9393
528000000	2000000	120227363	28177
530000000	2000000	40075813	9388
535000000	5000000	40075948	9391
528000000	7000000	120222177	28176
530000000	2000000	40075714	9392
528000000	2000000	80150892	18782
530000000	2000000	120227007	28147
526000000	4000000	40072973	9391
528000000	2000000	40077927	9389
530000000	2000000	40072655	9397
528000000	2000000	80151665	18775
530000000	2000000	120226861	28158
526000000	4000000	80147612	18770
528000000	2000000	40081704	9389
523000000	5000000	40070127	9384
528000000	5000000	40075329	9381
526000000	2000000	40074782	9386
530000000	4000000	160303139	37553
528000000	2000000	80150872	18785
526000000	2000000	40075223	9376
528000000	2000000	120224680	28164
530000000	2000000	40075879	9380
528000000	2000000	80148419	18771
530000000	2000000	40076694	9374
528000000	2000000	40076882	9388
530000000	2000000	80146811	18779
528000000	2000000	40078046	9379
530000000	2000000	40073821	9400
528000000	2000000	40077260	9347
526000000	2000000	40071383	9383
528000000	2000000	40075874	9389
526000000	2000000	40076684	9388
528000000	2000000	40075774	9386
530000000	2000000	40075335	9384
528000000	2000000	200376018	46961
526000000	2000000	40073403	9386
524000000	2000000	40075063	9380
528000000	4000000	40077718	9380
530000000	2000000	40073440	9388
528000000	2000000	40076155	9381
532000000	4000000	40074545	9394
541000000	9000000	40074610	9384
530000000	11000000	80153210	18769
535000000	5000000	80148431	18770
537000000	2000000	40077473	9385
530000000	7000000	200375016	46904
532000000	2000000	40073210	9387
535000000	3000000	80151222	18772
533000000	2000000	80152921	18790
530000000	3000000	40073135	9390
533000000	3000000	40077159	9387
528000000	5000000	120224437	28142
532000000	4000000	40076598	9389
533000000	1000000	120223451	28181
530000000	3000000	80155808	18782
528000000	2000000	80146240	18763
530000000	2000000	40073039	9391
533000000	3000000	120226920	28152
535000000	2000000	40075581	9371
533000000	2000000	80152858	18753
530000000	3000000	40072710	9385
533000000	3000000	40076284	9397
530000000	3000000	120224024	28165
528000000	2000000	280527495	65707
530000000	2000000	80151930	18779
528000000	2000000	80151836	18760
530000000	2000000	40071793	9373
528000000	2000000	40078440	9388
526000000	2000000	80146806	18781
528000000	2000000	80153310	18772
526000000	2000000	40074024	9380
528000000	2000000	40074805	9387
530000000	2000000	40078270	9387
528000000	2000000	40072296	9392
532000000	4000000	40075362	9383
528000000	4000000	40077111	9378
530000000	2000000	40072372	9380
528000000	2000000	40077670	9393
526000000	2000000	80148972	18773
530000000	4000000	80152918	18775
528000000	2000000	40072977	9386
530000000	2000000	40074887	9392
526000000	4000000	40076817	9389
528000000	2000000	40073155	9379
530000000	2000000	40075819	9375
528000000	2000000	40075873	9388
526000000	2000000	80146115	18786
528000000	2000000	40078426	9401
526000000	2000000	40078432	9386
528000000	2000000	40073348	9390
533000000	5000000	40076655	9397
528000000	5000000	120224760	28174
530000000	2000000	120225287	28188
528000000	2000000	120226289	28175
526000000	2000000	80151327	18769
528000000	2000000	160298705	37400
526000000	2000000	40074985	9377
524000000	2000000	40074743	9389
521000000	3000000	40076270	9382
526000000	5000000	200377055	46947
524000000	2000000	120224164	28146
526000000	2000000	40078337	9402
528000000	2000000	40074235	9399
533000000	5000000	40073385	9381
528000000	5000000	40078296	9395
532000000	4000000	40071348	9390
530000000	2000000	120226498	28155
526000000	4000000	80155137	18758
530000000	4000000	40073077	9375
528000000	2000000	80150747	18785
530000000	2000000	80149224	18778
528000000	2000000	40076540	9380
526000000	2000000	40074436	9390
528000000	2000000	40075872	9372
532000000	4000000	40076254	9391
528000000	4000000	40074719	9391
530000000	2000000	40074858	9386
532000000	2000000	40072542	9375
537000000	5000000	40078463	9389
535000000	2000000	40071632	9388
532000000	3000000	80150604	18770
530000000	2000000	40075685	9383
533000000	3000000	40077215	9379
528000000	5000000	40074276	9381
530000000	2000000	40077708	9382
535000000	5000000	80149491	18768
533000000	2000000	40074745	9390
537000000	4000000	40073299	9390
533000000	4000000	40078795	9382
530000000	3000000	120225877	28172
533000000	3000000	40072518	9390
530000000	3000000	40075974	9382
528000000	2000000	40074479	9392
526000000	2000000	40076981	9396
528000000	2000000	160298242	37543
526000000	2000000	80151232	18767
528000000	2000000	40076006	9389
530000000	2000000	40074876	9382
528000000	2000000	40075528	9384
524000000	4000000	40074049	9396
526000000	2000000	120228662	28169
528000000	2000000	40075651	9390
530000000	2000000	40075727	9393
535000000	5000000	80145648	18788
530000000	5000000	120227765	28166
533000000	3000000	40074870	9378
530000000	3000000	160301535	37539
528000000	2000000	80148806	18754
530000000	2000000	160302246	37560
528000000	2000000	40076366	9380
530000000	2000000	80148300	18773
528000000	2000000	40079186	9364
526000000	2000000	40075481	9377
524000000	2000000	40071649	9389
526000000	2000000	120226014	28156
528000000	2000000	40078453	9387
526000000	2000000	40074536	9385
528000000	2000000	40073516	9391
526000000	2000000	40076864	9399
524000000	2000000	80150341	18779
526000000	2000000	40073497	9391
528000000	2000000	80149970	18757
526000000	2000000	160301551	37561
524000000	2000000	40077311	9400
522000000	2000000	40072885	9389
524000000	2000000	80150374	18790
526000000	2000000	80151119	18772
528000000	2000000	80152768	18795
526000000	2000000	80148898	18802
528000000	2000000	40073358	9392
526000000	2000000	40079085	9386
524000000	2000000	40072270	9388
526000000	2000000	80152612	18795
528000000	2000000	40077993	9389
530000000	2000000	40071682	9384
528000000	2000000	80150318	18765
533000000	5000000	40073627	9380
530000000	3000000	40074946	9379
528000000	2000000	120225908	28163
526000000	2000000	40078012	9393
528000000	2000000	40073350	9400
526000000	2000000	40075878	9375
530000000	4000000	40076188	9381
533000000	3000000	40074151	9373
535000000	2000000	40074756	9381
528000000	7000000	40077007	9384
537000000	9000000	40073807	9376
528000000	9000000	40076424	9379
533000000	5000000	40074337	9389
526000000	7000000	40073584	9392
539000000	13000000	40075528	9375
528000000	11000000	40077880	9380
537000000	9000000	40072793	9385
526000000	11000000	40075264	9386
535000000	9000000	40075013	9391
528000000	7000000	40075567	9391
539000000	11000000	40074395	9388
530000000	9000000	40075331	9385
539000000	9000000	40077383	9393
530000000	9000000	40076381	9400
539000000	9000000	40074438	9341
528000000	11000000	40075743	9370
541000000	13000000	40075010	9393
528000000	13000000	40074595	9327
533000000	5000000	40075109	9339
532000000	1000000	80148990	18772
533000000	1000000	40075171	9377
535000000	2000000	40074491	9382
533000000	2000000	40076008	9375
532000000	1000000	40081514	9386
530000000	2000000	40069663	9388
535000000	5000000	40076770	9394
530000000	5000000	40076070	9381
532000000	2000000	40071997	9382
530000000	2000000	40076944	9386
535000000	5000000	40074007	9378
533000000	2000000	40078184	9391
535000000	2000000	40072231	9389
533000000	2000000	40077258	9379
532000000	1000000	40074634	9394
528000000	4000000	40074063	9380
530000000	2000000	40075049	9353
533000000	3000000	40075253	9399
535000000	2000000	40076449	9399
533000000	2000000	80150525	18792
535000000	2000000	80150189	18785
530000000	5000000	120224632	28185
533000000	3000000	40077389	9391
528000000	5000000	80148896	18781
530000000	2000000	40075403	9391
533000000	3000000	40076602	9396
526000000	7000000	40076077	9390
530000000	4000000	40070704	9396
528000000	2000000	80153368	18779
526000000	2000000	80148837	18768
524000000	2000000	80150940	18772
526000000	2000000	40078003	9378
528000000	2000000	80149798	18771
533000000	5000000	40074499	9379
528000000	5000000	240452983	56315
530000000	2000000	80147857	18771
528000000	2000000	40074604	9393
530000000	2000000	120228738	28167
528000000	2000000	80150630	18768
530000000	2000000	80148446	18774
526000000	4000000	40077443	9388
528000000	2000000	120224628	28167
526000000	2000000	40078311	9381
528000000	2000000	80147523	18774
530000000	2000000	40075588	9385
528000000	2000000	120224279	28141
532000000	4000000	40076720	9390
528000000	4000000	40075203	9384
526000000	2000000	40076140	9401
528000000	2000000	40074580	9399
533000000	5000000	80148334	18759
530000000	3000000	40075020	9376
528000000	2000000	80152655	18760
526000000	2000000	40075264	9382
528000000	2000000	40075987	9388
530000000	2000000	40075550	9389
528000000	2000000	120223089	28163
530000000	2000000	40075448	9394
528000000	2000000	80149609	18761
530000000	2000000	120226706	28142
526000000	4000000	40074600	9395
528000000	2000000	80150722	18770
532000000	4000000	40074470	9375
528000000	4000000	40075891	9386
530000000	2000000	80151815	18762
528000000	2000000	40074645	9390
526000000	2000000	40078157	9387
528000000	2000000	40071581	9395
533000000	5000000	40076864	9384
535000000	2000000	40074930	9383
530000000	5000000	80151859	18780
532000000	2000000	40074881	9396
535000000	3000000	40070876	9385
528000000	7000000	80155241	18791
530000000	2000000	40072446	9384
532000000	2000000	80153003	18778
530000000	2000000	80149438	18769
535000000	5000000	40076962	9384
532000000	3000000	40075649	9390
528000000	4000000	40073684	9395
530000000	2000000	80152445	18777
535000000	5000000	40071245	9392
532000000	3000000	40076086	9386
530000000	2000000	80152646	18743
533000000	3000000	40073408	9385
530000000	3000000	40077651	9396
528000000	2000000	40072067	9379
530000000	2000000	80151433	18775
528000000	2000000	120228213	28158
533000000	5000000	40074813	9384
532000000	1000000	120223681	28162
533000000	1000000	80151419	18783
530000000	3000000	40077087	9389
535000000	5000000	40074278	9387
532000000	3000000	40073307	9378
530000000	2000000	120226425	28146
528000000	2000000	40073706	9390
530000000	2000000	160304659	37575
528000000	2000000	80148721	18772
530000000	2000000	40077044	9397
528000000	2000000	40071160	9394
526000000	2000000	80152137	18777
528000000	2000000	40076334	9390
526000000	2000000	120223793	28161
528000000	2000000	40077963	9386
526000000	2000000	80150952	18774
524000000	2000000	40072739	9384
526000000	2000000	40076427	9392
528000000	2000000	40074811	9383
526000000	2000000	40075819	9396
524000000	2000000	40076359	9383
526000000	2000000	40076556	9399
528000000	2000000	160299020	37540
530000000	2000000	120222908	28168
528000000	2000000	40075590	9390
530000000	2000000	120228408	28165
528000000	2000000	40072401	9390
530000000	2000000	40075286	9392
528000000	2000000	120227171	28165
530000000	2000000	40075028	9385
528000000	2000000	40075452	9379
530000000	2000000	40074020	9385
528000000	2000000	80151657	18781
526000000	2000000	40074524	9377
528000000	2000000	40075407	9386
526000000	2000000	40074616	9381
528000000	2000000	40076387	9385
530000000	2000000	40074347	9386
526000000	4000000	40074307	9393
530000000	4000000	40077522	9382
528000000	2000000	40074112	9382
526000000	2000000	40075754	9389
524000000	2000000	40073723	9395
528000000	4000000	80151216	18785
526000000	2000000	80150246	18776
528000000	2000000	80152370	18764
530000000	2000000	40076274	9380
526000000	4000000	40074043	9388
530000000	4000000	80149609	18764
533000000	3000000	40076073	9376
528000000	5000000	40075026	9382
530000000	2000000	120226812	28159
528000000	2000000	40073075	9382
526000000	2000000	80152348	18772
528000000	2000000	40075778	9382
532000000	4000000	40072276	9382
530000000	2000000	40078311	9388
533000000	3000000	40073382	9385
530000000	3000000	80150827	18778
526000000	4000000	80151045	18763
528000000	2000000	40078390	9393
530000000	2000000	40072845	9380
528000000	2000000	40074250	9390
530000000	2000000	80150203	18761
528000000	2000000	120228189	28092
526000000	2000000	40073356	9385
528000000	2000000	40073397	9390
526000000	2000000	160300694	37576
530000000	4000000	80152751	18764
528000000	2000000	40073139	9382
526000000	2000000	80152134	18776
528000000	2000000	40074303	9387
524000000	4000000	40074505	9368
533000000	9000000	40078670	9373
526000000	7000000	80147252	18755
530000000	4000000	40076185	9350
528000000	2000000	80150328	18757
530000000	2000000	120226480	27927
528000000	2000000	40074739	9354
530000000	2000000	40072073	9388
532000000	2000000	40078692	9368
533000000	1000000	40077572	9284
532000000	1000000	40075136	9289
530000000	2000000	40073662	9282
532000000	2000000	40076120	9352
537000000	5000000	40074095	9383
530000000	7000000	80150747	18766
533000000	3000000	40075301	9371
532000000	1000000	40072700	9336
533000000	1000000	240453289	56358
532000000	1000000	40074340	9397
535000000	3000000	40077432	9393
530000000	5000000	80149589	18787
528000000	2000000	40076094	9397
530000000	2000000	40075448	9387
528000000	2000000	40075405	9391
526000000	2000000	40073834	9394
528000000	2000000	40076540	9386
526000000	2000000	40073054	9390
528000000	2000000	40077197	9388
526000000	2000000	40072593	9384
528000000	2000000	40074660	9395
526000000	2000000	40078698	9392
528000000	2000000	40076106	9393
526000000	2000000	80149525	18783
528000000	2000000	160299813	37562
526000000	2000000	320603332	75119
530000000	4000000	80147832	18787
528000000	2000000	80150450	18780
530000000	2000000	40077043	9392
528000000	2000000	200376630	46906
526000000	2000000	80149843	18791
528000000	2000000	40073462	9390
530000000	2000000	40078637	9384
528000000	2000000	80149263	18752
530000000	2000000	40073237	9393
533000000	3000000	40078371	9395
528000000	5000000	80150179	18780
530000000	2000000	40075452	9380
535000000	5000000	40075838	9380
530000000	5000000	40072473	9390
528000000	2000000	40075579	9380
530000000	2000000	80150154	18775
533000000	3000000	40074385	9386
530000000	3000000	40075473	9380
532000000	2000000	80153216	18779
528000000	4000000	120225057	28156
530000000	2000000	160300539	37520
528000000	2000000	40075452	9382
524000000	4000000	80147948	18759
526000000	2000000	120226266	28152
528000000	2000000	40075779	9268
543000000	15000000	40077757	9345
546000000	3000000	40067372	9379
548000000	2000000	40073955	9374
550000000	2000000	40077351	9384
546000000	4000000	40077469	9382
548000000	2000000	40077215	9385
546000000	2000000	40068200	9362
550000000	4000000	40077977	9365
552000000	2000000	40074991	9379
563000000	11000000	80150321	18773
570000000	7000000	120224078	28134
563000000	7000000	40075632	9383
570000000	7000000	40075561	9076
572000000	2000000	40076356	7865
565000000	7000000	40074975	7869
568000000	3000000	40076598	7868
563000000	5000000	40076067	7868
565000000	2000000	40071944	7868
563000000	2000000	80154398	15739
561000000	2000000	40073223	7869
563000000	2000000	40073188	7867
561000000	2000000	40078192	7865
563000000	2000000	40072211	7869
561000000	2000000	120229330	23707
563000000	2000000	160301676	31648
566000000	3000000	40079020	7914
563000000	3000000	80147210	15820
565000000	2000000	40071321	7913
563000000	2000000	80153211	15825
568000000	5000000	80147973	15826
570000000	2000000	80151996	15816
568000000	2000000	40075428	7914
570000000	2000000	120225453	23734
563000000	7000000	40073147	7913
565000000	2000000	80153497	15827
563000000	2000000	40074762	7908
568000000	5000000	80149241	15828
565000000	3000000	80148846	15821
563000000	2000000	160305176	31600
561000000	2000000	40075159	7899
565000000	4000000	80150006	15800
561000000	4000000	40072884	7903
563000000	2000000	120227288	23718
565000000	2000000	80151455	15802
566000000	1000000	40072147	7899
568000000	2000000	40078313	7906
563000000	5000000	80155280	16786
565000000	2000000	40073760	8574
563000000	2000000	40077142	8570
559000000	4000000	40073227	8565
561000000	2000000	40077512	8566
554000000	7000000	120226781	28137
550000000	4000000	40073464	9399
544000000	6000000	40076104	9386
546000000	2000000	40074385	9394
543000000	3000000	40074764	9392
546000000	3000000	40074847	9399
550000000	4000000	40078228	9393
548000000	2000000	40073870	9396
552000000	4000000	40075026	9395
550000000	2000000	40073673	9386
548000000	2000000	40075977	9387
541000000	7000000	80149952	18770
539000000	2000000	40076129	9391
543000000	4000000	40074847	9399
544000000	1000000	40076075	9378
541000000	3000000	80149366	18764
544000000	3000000	40074940	9386
539000000	5000000	40075035	9383
537000000	2000000	40077337	9379
535000000	2000000	40075840	9384
539000000	4000000	120224235	28152
541000000	2000000	40075383	9378
544000000	3000000	80149898	18769
539000000	5000000	80152331	18773
541000000	2000000	80149552	18770
537000000	4000000	40075094	9397
539000000	2000000	40077200	9386
541000000	2000000	40073143	9388
543000000	2000000	40075180	9392
544000000	1000000	40078278	9404
541000000	3000000	40071221	9395
544000000	3000000	40075897	9392
546000000	2000000	40076927	9390
541000000	5000000	120223242	28138
543000000	2000000	40077908	9392
544000000	1000000	80148943	18616
541000000	3000000	40074862	9379
544000000	3000000	40075458	9378
541000000	3000000	40077533	9349
539000000	2000000	80148295	18666
533000000	6000000	40074625	9278
535000000	2000000	40073985	9287
533000000	2000000	40076616	9331
535000000	2000000	80149288	18780
532000000	3000000	40077092	9386
535000000	3000000	40076352	9368
537000000	2000000	40073880	9379
535000000	2000000	40076123	9379
532000000	3000000	40075536	9305
535000000	3000000	120226699	27872
532000000	3000000	40074620	9355
537000000	5000000	40073212	9390
541000000	4000000	40077508	9389
539000000	2000000	40072596	9371
537000000	2000000	40076444	9372
532000000	5000000	40076563	9373
535000000	3000000	40073331	9371
539000000	4000000	40075735	9389
526000000	13000000	40073272	9386
528000000	2000000	80150571	18765
530000000	2000000	40077702	9377
528000000	2000000	160299879	37511
535000000	7000000	40076741	9374
532000000	3000000	80148593	18775
535000000	3000000	40075877	9378
532000000	3000000	40077606	9377
535000000	3000000	40073245	9388
530000000	5000000	80151616	18759
528000000	2000000	40073430	9400
535000000	7000000	40076386	9400
533000000	2000000	40076032	9396
535000000	2000000	40075647	9395
533000000	2000000	40074666	9403
537000000	4000000	40073190	9391
539000000	2000000	40076708	9383
535000000	4000000	40072600	9385
532000000	3000000	80154208	18763
533000000	1000000	40074833	9393
530000000	3000000	40076233	9383
533000000	3000000	40070889	9397
539000000	6000000	40077421	9381
537000000	2000000	80158758	18718
535000000	2000000	40065322	9272
539000000	4000000	40078190	9351
533000000	6000000	40072600	9385
535000000	2000000	80152147	18761
528000000	7000000	80149484	18768
532000000	4000000	40076250	9391
530000000	2000000	80151070	18772
528000000	2000000	40073040	9388
530000000	2000000	40077582	9395
524000000	6000000	40073798	9395
528000000	4000000	40077535	9385
524000000	4000000	40071448	9377
526000000	2000000	40070940	9397
528000000	2000000	40083274	9383
530000000	2000000	40073040	9390
528000000	2000000	40076315	9380
533000000	5000000	40074711	9385
528000000	5000000	80151236	18774
526000000	2000000	40075112	9391
528000000	2000000	80148680	18772
524000000	4000000	40077775	9399
526000000	2000000	80150534	18788
524000000	2000000	120225988	28164
526000000	2000000	40071930	9383
528000000	2000000	160303676	37534
530000000	2000000	40076401	9389
528000000	2000000	80150429	18765
543000000	15000000	40071520	9395
535000000	8000000	40078180	9400
537000000	2000000	120222787	28132
535000000	2000000	80153222	18756
532000000	3000000	40073321	9377
533000000	1000000	40075047	9382
530000000	3000000	40078159	9398
532000000	2000000	40072913	9391
533000000	1000000	40077122	9380
535000000	2000000	80148665	18791
533000000	2000000	40075371	9385
530000000	3000000	40075850	9382
532000000	2000000	40075560	9388
530000000	2000000	240450400	56322
526000000	4000000	40073818	9386
530000000	4000000	80151097	18788
533000000	3000000	120226832	28155
530000000	3000000	120227332	28162
533000000	3000000	80147775	18774
535000000	2000000	40078480	9390
532000000	3000000	40075759	9383
535000000	3000000	80149491	18774
528000000	7000000	80150546	18769
533000000	5000000	40072878	9388
532000000	1000000	40077594	9387
530000000	2000000	80150468	18781
533000000	3000000	40074864	9388
530000000	3000000	120223253	28169
535000000	5000000	40075419	9396
533000000	2000000	40078729	9391
530000000	3000000	40072989	9386
535000000	5000000	40074286	9383
533000000	2000000	40074854	9380
535000000	2000000	40077082	9385
532000000	3000000	40074880	9376
530000000	2000000	40074678	9386
532000000	2000000	40074561	9390
530000000	2000000	40075167	9387
528000000	2000000	40074227	9393
530000000	2000000	120227678	28184
528000000	2000000	40074975	9385
526000000	2000000	40073981	9380
532000000	6000000	40078514	9384
535000000	3000000	40072346	9381
532000000	3000000	40076528	9397
535000000	3000000	160301891	37561
532000000	3000000	80151618	18748
533000000	1000000	40073309	9379
535000000	2000000	40074849	9381
533000000	2000000	40076178	9386
535000000	2000000	160300029	37555
537000000	2000000	40075583	9383
533000000	4000000	80149685	18776
535000000	2000000	80153849	18764
533000000	2000000	40071122	9380
539000000	6000000	40077891	9382
535000000	4000000	40077104	9368
537000000	2000000	80146800	18751
535000000	2000000	80153754	18770
537000000	2000000	40073306	9381
535000000	2000000	40068637	9376
533000000	2000000	40082434	9388
535000000	2000000	40075009	9400
537000000	2000000	40073162	9393
535000000	2000000	80149816	18783
533000000	2000000	40079418	9384
535000000	2000000	40071700	9387
532000000	3000000	40078382	9390
535000000	3000000	160301101	37548
533000000	2000000	40072265	9383
530000000	3000000	40076780	9376
528000000	2000000	40076346	9379
530000000	2000000	40073186	9385
533000000	3000000	40078301	9391
530000000	3000000	40072999	9395
533000000	3000000	40076422	9392
535000000	2000000	40074628	9392
533000000	2000000	40073016	9385
535000000	2000000	80153482	18775
533000000	2000000	40073112	9376
535000000	2000000	40079871	9386
537000000	2000000	40073114	9390
533000000	4000000	40075522	9387
530000000	3000000	40073770	9388
532000000	2000000	40073280	9382
530000000	2000000	40077710	9389
535000000	5000000	160300797	37542
537000000	2000000	40075951	9385
535000000	2000000	40073820	9385
532000000	3000000	40079190	9386
533000000	1000000	40072043	9397
530000000	3000000	40075553	9390
533000000	3000000	40074634	9377
535000000	2000000	40073692	9380
533000000	2000000	40076254	9391
535000000	2000000	40073278	9392
537000000	2000000	80152966	18806
535000000	2000000	120226539	28146
533000000	2000000	40077250	9379
535000000	2000000	80148125	18760
537000000	2000000	80149094	18769
535000000	2000000	80152535	18757
537000000	2000000	80147714	18777
539000000	2000000	40074836	9386
537000000	2000000	40079343	9378
539000000	2000000	40074994	9391
537000000	2000000	40073538	9337
535000000	2000000	40073659	9360
530000000	5000000	40075576	9385
532000000	2000000	40075054	9389
533000000	1000000	40076635	9383
530000000	3000000	40076679	9383
533000000	3000000	40072918	9385
535000000	2000000	40074870	9321
537000000	2000000	80151614	18750
530000000	7000000	40077913	9382
528000000	2000000	80149681	18758
526000000	2000000	80146223	18758
528000000	2000000	40076345	9385
526000000	2000000	80154532	18787
524000000	2000000	40074587	9393
528000000	4000000	40071846	9386
526000000	2000000	40074952	9388
528000000	2000000	80151901	18759
535000000	7000000	40077680	9385
528000000	7000000	40072790	9391
530000000	2000000	40074903	9397
528000000	2000000	120226365	28162
526000000	2000000	40074409	9376
528000000	2000000	240454478	56334
526000000	2000000	80146530	18766
528000000	2000000	80150695	18773
526000000	2000000	40076795	9385
524000000	2000000	80148732	18783
526000000	2000000	40077266	9369
528000000	2000000	120223755	28145
530000000	2000000	80150359	18774
528000000	2000000	80152210	18757
530000000	2000000	40075846	9386
528000000	2000000	40073509	9387
524000000	4000000	80154005	18758
528000000	4000000	40072581	9373
530000000	2000000	80151096	18773
528000000	2000000	160301541	37516
524000000	4000000	40074235	9380
526000000	2000000	40077675	9377
530000000	4000000	40071438	9385
528000000	2000000	120227371	28159
530000000	2000000	160301861	37530
528000000	2000000	40076341	9387
526000000	2000000	40072659	9378
528000000	2000000	40076705	9381
530000000	2000000	40076159	9384
528000000	2000000	160299838	37534
526000000	2000000	40077112	9379
528000000	2000000	40074581	9381
530000000	2000000	80147192	18768
533000000	3000000	40077399	9369
528000000	5000000	40077221	9371
532000000	4000000	120224523	28072
528000000	4000000	80150105	18701
530000000	2000000	200376556	46903
526000000	4000000	40074248	9376
528000000	2000000	200377103	46896
530000000	2000000	40075727	9383
535000000	5000000	80147558	18751
530000000	5000000	40078782	9386
526000000	4000000	40074217	9390
532000000	6000000	40072663	9384
530000000	2000000	40078285	9378
528000000	2000000	40074116	9384
530000000	2000000	40073796	9385
532000000	2000000	80150354	18789
528000000	4000000	40076866	9398
526000000	2000000	160301729	37580
530000000	4000000	40073325	9392
533000000	3000000	40078071	9394
532000000	1000000	80148925	18772
528000000	4000000	320601522	75102
526000000	2000000	40075662	9384
528000000	2000000	120226002	28188
526000000	2000000	40075087	9392
528000000	2000000	40077145	9391
532000000	4000000	40071719	9390
528000000	4000000	40076008	9400
530000000	2000000	80149480	18782
528000000	2000000	40078940	9393
526000000	2000000	40074541	9383
528000000	2000000	160299167	37520
532000000	4000000	40073313	9388
533000000	1000000	80150952	18759
530000000	3000000	80151318	18762
532000000	2000000	40074252	9394
530000000	2000000	40077874	9385
528000000	2000000	120225097	28148
526000000	2000000	160301089	37530
524000000	2000000	80151380	18776
521000000	3000000	40076422	9387
526000000	5000000	40073471	9385
528000000	2000000	80148701	18766
526000000	2000000	120229068	28169
524000000	2000000	40075340	9377
526000000	2000000	80150614	18770
530000000	4000000	40071499	9383
528000000	2000000	40077429	9377
526000000	2000000	160300756	37540
528000000	2000000	40073209	9386
526000000	2000000	40078233	9379
524000000	2000000	40075751	9381
521000000	3000000	80149901	18779
524000000	3000000	80148650	18780
526000000	2000000	160301481	37528
524000000	2000000	40076805	9388
526000000	2000000	40074563	9381
530000000	4000000	40076198	9396
528000000	2000000	40072965	9384
526000000	2000000	80149652	18774
528000000	2000000	40075006	9387
533000000	5000000	80154390	18763
530000000	3000000	40074707	9385
528000000	2000000	40071784	9375
532000000	4000000	40077852	9391
528000000	4000000	40074519	9395
526000000	2000000	40074738	9387
524000000	2000000	40077856	9379
526000000	2000000	40071718	9376
528000000	2000000	120229945	28161
530000000	2000000	40073686	9386
533000000	3000000	40071911	9392
530000000	3000000	40075696	9402
528000000	2000000	80151737	18708
530000000	2000000	80151944	18725
532000000	2000000	120223426	27931
530000000	2000000	40078801	9322
526000000	4000000	40071108	9355
528000000	2000000	40078901	9351
530000000	2000000	40068858	9342
528000000	2000000	40079009	9342
530000000	2000000	80149391	18691
528000000	2000000	440830747	103005
530000000	2000000	40076145	9399
535000000	5000000	40073399	9386
532000000	3000000	40077454	9384
