#acc_value	delta_value	duration_ns	duration_samples
14099279038081	42831	40078063	10606
14099279080637	42556	40072478	10560
14099279123156	42519	40076403	10626
14099279165655	42499	40077349	10630
14099279208172	42517	40072925	10620
14099279250693	42521	40074335	10625
14099279293138	42445	40077657	10626
14099279335655	42517	40073981	10615
14099279378276	42621	40076290	10622
14099279421019	42743	40074431	10625
14099279463684	42665	40076765	10624
14099279506211	42527	40074696	10620
14099279548672	42461	40077987	10622
14099279591114	42442	40072212	10628
14099279633485	42371	40074650	10624
14099279675932	42447	40075905	10623
14099279718283	42351	40075009	10636
14099279760710	42427	40073350	10614
14099279803107	42397	40076666	10627
14099279845509	42402	40074299	10623
14099279887911	42402	40076784	10624
14099279930498	42587	40073400	10626
14099279972934	42436	40075999	10626
14099280015412	42478	40075118	10605
14099280057692	42280	40076980	10616
14099280099998	42306	40075002	10609
14099280142315	42317	40074115	10627
14099280184638	42323	40074055	10621
14099280226960	42322	40079775	10621
14099280269439	42479	40070859	10627
14099280311835	42396	40076719	10626
14099280354312	42477	40075001	10623
14099280396686	42374	40075454	10624
14099280439087	42401	40074655	10623
14099280481377	42290	40075896	10633
14099280523667	42290	40075618	10624
14099280565888	42221	40075644	10607
14099280608124	42236	40075290	10615
14099280650240	42116	40073907	10625
14099280692372	42132	40075130	10622
14099280734458	42086	40076331	10624
14099280776454	41996	40073300	10611
14099280818476	42022	40077059	10628
14099280860477	42001	40075122	10621
14099280902492	42015	40077505	10628
14099280944464	41972	40072199	10630
14099280986464	42000	40077674	10632
14099281028489	42025	40073359	10551
14099281070472	41983	40076264	10629
14099281112440	41968	40074007	10624
14099281154325	41885	40077581	10630
14099281196279	41954	40071667	10606
14099281238166	41887	40076036	10621
14099281280113	41947	40076214	10621
14099281322025	41912	40076974	10629
14099281363995	41970	40073413	10627
14099281405958	41963	40076526	10627
14099281447897	41939	40075113	10621
14099281489869	41972	40075592	10630
14099281531849	41980	40075558	10614
14099281573841	41992	40073739	10623
14099281615796	41955	40074861	10622
14099281657741	41945	40077290	10620
14099281699687	41946	40072889	10623
14099281741617	41930	40075613	10625
14099281783491	41874	40076151	10590
14099281825359	41868	40074044	10625
14099281867294	41935	40074101	10624
14099281909258	41964	40076161	10627
14099281951227	41969	40074665	10635
14099281993149	41922	40078790	10632
14099282035086	41937	40071839	10621
14099282077030	41944	40076524	10618
14099282119019	41989	40073513	10618
14099282160986	41967	40077304	10624
14099282202936	41950	40075315	10624
14099282244880	41944	40075558	10620
14099282286807	41927	40074265	10622
14099282328742	41935	40076258	10627
14099282370657	41915	40074833	10619
14099282412568	41911	40076511	10631
14099282454506	41938	40074675	10624
14099282496323	41817	40074272	10622
14099282538200	41877	40075339	10611
14099282580173	41973	40076495	10626
14099282622149	41976	40074712	10621
14099282664125	41976	40075974	10622
14099282706133	42008	40074380	10637
14099282748146	42013	40075102	10629
14099282790137	41991	40075616	10625
14099282832149	42012	40074687	10627
14099282874155	42006	40075526	10628
14099282916114	41959	40076171	10623
14099282958135	42021	40074097	10624
14099283000134	41999	40077032	10639
14099283042173	42039	40072396	10625
14099283084209	42036	40077321	10621
14099283126236	42027	40074540	10629
14099283168257	42021	40075074	10582
14099283210409	42152	40074283	10637
14099283252437	42028	40077238	10625
14099283294435	41998	40072192	10610
14099283336446	42011	40078780	10625
14099283378422	41976	40073211	10619
14099283420374	41952	40075026	10616
14099283462371	41997	40073608	10635
14099283504348	41977	40076888	10627
14099283546341	41993	40074413	10626
14099283588252	41911	40075519	10625
14099283630194	41942	40073702	10620
14099283672138	41944	40078460	10630
14099283714050	41912	40074294	10626
14099283755938	41888	40075635	10633
14099283797899	41961	40077623	10628
14099283839781	41882	40072432	10617
14099283881724	41943	40074134	10628
14099283923659	41935	40076355	10626
14099283965578	41919	40075188	10624
14099284007561	41983	40077222	10631
14099284049515	41954	40074657	10635
14099284091483	41968	40073477	10619
14099284133489	42006	40076375	10628
14099284175466	41977	40075690	10625
14099284217437	41971	40072163	10636
14099284259412	41975	40079976	10625
14099284301379	41967	40067245	10615
14099284343357	41978	40081540	10630
14099284385352	41995	40072229	10630
14099284427278	41926	40079987	10625
14099284469241	41963	40073723	10621
14099284511240	41999	40073971	10627
14099284553177	41937	40073839	10618
14099284595217	42040	40078179	10619
14099284637285	42068	40074282	10636
14099284679340	42055	40077022	10614
14099284721417	42077	40074921	10621
14099284763467	42050	40073204	10619
14099284805535	42068	40075447	10633
14099284847550	42015	40077957	10625
14099284889618	42068	40073755	10630
14099284931656	42038	40074656	10626
14099284973749	42093	40075138	10624
14099285015794	42045	40074842	10633
14099285057862	42068	40075718	10633
14099285099876	42014	40076854	10623
14099285141933	42057	40074730	10622
14099285183937	42004	40075843	10625
14099285226135	42198	40073712	10625
14099285268222	42087	40074323	10635
14099285310285	42063	40076431	10626
14099285352246	41961	40070630	10619
14099285394296	42050	40079503	10615
14099285436282	41986	40076174	10623
14099285478363	42081	40074316	10622
14099285520413	42050	40075427	10618
14099285562527	42114	40075444	10624
14099285604538	42011	40075149	10624
14099285646655	42117	40073771	10627
14099285688902	42247	40076063	10627
14099285731372	42470	40072451	10619
14099285773471	42099	40080051	10629
14099285815570	42099	40073343	10625
14099285857638	42068	40074159	10628
14099285899597	41959	40076833	10626
14099285941562	41965	40073351	10627
14099285983566	42004	40077179	10574
14099286025489	41923	40075084	10622
14099286067470	41981	40074904	10624
14099286109344	41874	40074647	10618
14099286151292	41948	40075523	10628
14099286193231	41939	40076538	10620
14099286235198	41967	40074321	10621
14099286277181	41983	40074251	10622
14099286319207	42026	40076327	10625
14099286361164	41957	40076622	10629
14099286403152	41988	40081495	10620
14099286445136	41984	40067785	10624
14099286487166	42030	40075415	10626
14099286529203	42037	40076509	10622
14099286571268	42065	40071741	10622
14099286613365	42097	40077255	10622
14099286655507	42142	40073598	10616
14099286697558	42051	40079177	10629
14099286739562	42004	40072281	10616
14099286781550	41988	40077524	10612
14099286823548	41998	40071776	10622
14099286865536	41988	40076685	10623
14099286907526	41990	40076548	10621
14099286949527	42001	40076296	10630
14099286991539	42012	40071782	10627
14099287033530	41991	40075751	10628
14099287075526	41996	40073814	10631
14099287117583	42057	40077815	10624
14099287159715	42132	40074161	10618
14099287201739	42024	40077600	10619
14099287243784	42045	40073199	10624
14099287285843	42059	40076186	10631
14099287327895	42052	40074660	10622
14099287369982	42087	40077458	10627
14099287412060	42078	40070758	10620
14099287454134	42074	40077361	10624
14099287496208	42074	40076278	10613
14099287538211	42003	40074444	10630
14099287580305	42094	40078837	10615
14099287622365	42060	40072251	10633
14099287664459	42094	40072808	10619
14099287706573	42114	40077282	10626
14099287748645	42072	40075825	10620
14099287790788	42143	40075284	10616
14099287832909	42121	40075043	10623
14099287874974	42065	40077516	10624
14099287917079	42105	40073066	10616
14099287959135	42056	40069647	10614
14099288001205	42070	40079476	10617
14099288043249	42044	40077743	10622
14099288085325	42076	40071841	10622
14099288127365	42040	40078682	10627
14099288169406	42041	40072359	10627
14099288211424	42018	40078491	10626
14099288253470	42046	40072302	10626
14099288295501	42031	40075922	10627
14099288337716	42215	40075658	10615
14099288379847	42131	40074997	10619
14099288422092	42245	40075679	10614
14099288464335	42243	40074571	10620
14099288506512	42177	40074569	10609
14099288548649	42137	40076460	10621
14099288590773	42124	40073734	10615
14099288632926	42153	40076530	10620
14099288675065	42139	40075987	10617
14099288717204	42139	40076321	10619
14099288759413	42209	40072064	10626
14099288801649	42236	40077640	10619
14099288843886	42237	40074214	10624
14099288886064	42178	40074573	10625
14099288928259	42195	40074813	10617
14099288970410	42151	40077884	10628
14099289012489	42079	40072196	10629
14099289054612	42123	40076775	10633
14099289096703	42091	40075497	10630
14099289138797	42094	40076571	10625
14099289180917	42120	40074974	10620
14099289223019	42102	40073470	10628
14099289265175	42156	40076397	10619
14099289307270	42095	40073511	10632
14099289349375	42105	40074786	10623
14099289391453	42078	40075892	10626
14099289433551	42098	40074473	10621
14099289475606	42055	40075982	10638
14099289517738	42132	40074112	10627
14099289559792	42054	40077241	10620
14099289601854	42062	40074751	10616
14099289643909	42055	40077902	10622
14099289685939	42030	40071590	10631
14099289728040	42101	40077562	10626
14099289770128	42088	40074950	10633
14099289812246	42118	40076765	10635
14099289854386	42140	40074395	10620
14099289896560	42174	40073683	10624
14099289938694	42134	40075845	10628
14099289980786	42092	40074381	10622
14099290022880	42094	40075167	10636
14099290064867	41987	40078081	10629
14099290106944	42077	40071203	10629
14099290148974	42030	40077995	10631
14099290191089	42115	40072415	10623
14099290233126	42037	40077040	10620
14099290275215	42089	40073514	10632
14099290317212	41997	40077558	10619
14099290359303	42091	40072702	10627
14099290401304	42001	40077761	10633
14099290443406	42102	40073327	10625
14099290485457	42051	40078210	10628
14099290527589	42132	40072812	10625
14099290569681	42092	40078059	10635
14099290611829	42148	40073484	10610
14099290653839	42010	40076276	10623
14099290695935	42096	40075165	10627
14099290737999	42064	40073907	10625
14099290780129	42130	40076542	10617
14099290822167	42038	40074927	10625
14099290864271	42104	40073900	10623
14099290906304	42033	40076557	10623
14099290948441	42137	40075759	10616
14099290990524	42083	40078823	10598
14099291032654	42130	40070421	10541
14099291074779	42125	40075905	10551
14099291116888	42109	40076191	10538
14099291158895	42007	40075386	10545
14099291200922	42027	40074682	10545
14099291242929	42007	40073474	10551
14099291285059	42130	40075921	10550
14099291327226	42167	40075891	10541
14099291369303	42077	40075757	10552
14099291411358	42055	40076576	10546
14099291453427	42069	40072764	10548
14099291495498	42071	40070460	10549
14099291537589	42091	40080659	10542
14099291579729	42140	40075505	10552
14099291621859	42130	40072796	10519
14099291663921	42062	40077440	10545
14099291706002	42081	40073931	10586
14099291748153	42151	40078716	10628
14099291790277	42124	40071927	10628
14099291832424	42147	40075288	10623
14099291874525	42101	40074698	10630
14099291916605	42080	40078050	10619
14099291958721	42116	40073917	10613
14099292000790	42069	40075482	10631
14099292042931	42141	40073407	10630
14099292085044	42113	40076807	10622
14099292127175	42131	40075782	10631
14099292169311	42136	40074068	10621
14099292211469	42158	40074356	10631
14099292253620	42151	40076343	10625
14099292295696	42076	40076179	10633
14099292337727	42031	40076782	10628
14099292379887	42160	40071806	10626
14099292421927	42040	40078913	10625
14099292464082	42155	40071179	10629
14099292506192	42110	40078819	10624
14099292548304	42112	40073755	10627
14099292590442	42138	40075936	10624
14099292632562	42120	40072427	10618
14099292674673	42111	40079034	10630
14099292716803	42130	40072187	10615
14099292758953	42150	40076136	10621
14099292801090	42137	40077260	10619
14099292843209	42119	40075306	10631
14099292885340	42131	40071372	10630
14099292927459	42119	40079187	10626
14099292969592	42133	40074555	10623
14099293011736	42144	40075829	10627
14099293053867	42131	40072218	10631
14099293095993	42126	40076497	10624
14099293138148	42155	40073220	10620
14099293180270	42122	40077136	10624
14099293222378	42108	40073598	10623
14099293264617	42239	40079443	10626
14099293306761	42144	40071140	10630
14099293348880	42119	40078410	10636
14099293391004	42124	40073476	10630
14099293433134	42130	40077003	10623
14099293475308	42174	40073400	10622
14099293517502	42194	40077135	10637
14099293559718	42216	40072943	10631
14099293601942	42224	40076089	10627
14099293644088	42146	40077315	10623
14099293686279	42191	40073185	10618
14099293728480	42201	40074710	10612
14099293770708	42228	40077456	10624
14099293812934	42226	40071688	10612
14099293855128	42194	40076978	10629
14099293897288	42160	40076077	10624
14099293939429	42141	40075395	10620
14099293981520	42091	40072746	10625
14099294023630	42110	40077506	10621
14099294065762	42132	40074917	10624
14099294107868	42106	40075242	10625
14099294150040	42172	40074852	10622
14099294192165	42125	40075706	10629
14099294234277	42112	40073429	10623
14099294276403	42126	40078532	10623
14099294318517	42114	40073511	10629
14099294360624	42107	40076063	10629
14099294402703	42079	40075894	10629
14099294444838	42135	40075354	10629
14099294486975	42137	40074187	10620
14099294529123	42148	40074327	10626
14099294571228	42105	40074693	10624
14099294613344	42116	40076307	10622
14099294655482	42138	40072796	10627
14099294697632	42150	40079046	10632
14099294739751	42119	40074206	10626
14099294781858	42107	40075696	10620
14099294823985	42127	40074447	10619
14099294866108	42123	40077356	10630
14099294908254	42146	40073115	10632
14099294950349	42095	40076125	10637
14099294992483	42134	40073616	10628
14099295034686	42203	40075320	10624
14099295076829	42143	40075438	10624
14099295119042	42213	40077853	10623
14099295161233	42191	40073768	10623
14099295203445	42212	40073687	10625
14099295245559	42114	40074571	10623
14099295287754	42195	40076693	10630
14099295329923	42169	40074575	10623
14099295372092	42169	40076538	10622
14099295414242	42150	40074816	10621
14099295456435	42193	40075809	10629
14099295498584	42149	40075120	10634
14099295540838	42254	40076325	10626
14099295583023	42185	40072837	10636
14099295625262	42239	40076068	10628
14099295667467	42205	40075911	10614
14099295709714	42247	40076093	10629
14099295751915	42201	40072762	10619
14099295794233	42318	40078913	10633
14099295836502	42269	40071009	10629
14099295878855	42353	40076284	10634
14099295921045	42190	40074753	10614
14099295963262	42217	40076841	10628
14099296005460	42198	40073146	10626
14099296047694	42234	40078858	10628
14099296089902	42208	40074569	10620
14099296132138	42236	40073371	10629
14099296174369	42231	40075647	10627
14099296217241	42872	40074609	10626
14099296259575	42334	40075700	10627
14099296301893	42318	40076466	10623
14099296344144	42251	40072151	10623
14099296386457	42313	40077888	10630
14099296428632	42175	40074014	10635
14099296470797	42165	40075318	10630
14099296512940	42143	40077087	10626
14099296555154	42214	40073327	10634
14099296597307	42153	40074157	10635
14099296639468	42161	40078892	10626
14099296681574	42106	40074258	10623
14099296723631	42057	40075279	10622
14099296765702	42071	40073643	10628
14099296807742	42040	40077306	10628
14099296849836	42094	40072286	10622
14099296891916	42080	40075933	10628
14099296933964	42048	40077407	10616
14099296976044	42080	40074876	10630
14099297018093	42049	40075444	10626
14099297060162	42069	40073698	10634
14099297102296	42134	40073832	10625
14099297144393	42097	40077254	10630
14099297186496	42103	40074132	10633
14099297228630	42134	40078118	10627
14099297270708	42078	40074744	10630
14099297312828	42120	40075622	10630
14099297354930	42102	40071636	10625
14099297397001	42071	40079583	10624
14099297439092	42091	40071249	10620
14099297481084	41992	40078405	10621
14099297523114	42030	40071450	10619
14099297565130	42016	40078757	10636
14099297607164	42034	40075509	10624
14099297649200	42036	40074817	10635
14099297691202	42002	40072329	10625
14099297733249	42047	40076241	10628
14099297775252	42003	40075050	10623
14099297817266	42014	40077743	10625
14099297859296	42030	40071476	10630
14099297901324	42028	40079968	10633
14099297943292	41968	40072007	10621
14099297985396	42104	40077718	10630
14099298027520	42124	40072483	10619
14099298069622	42102	40078817	10635
14099298111728	42106	40071156	10632
14099298153855	42127	40076598	10626
14099298195980	42125	40073665	10627
14099298238089	42109	40076907	10627
14099298280124	42035	40074070	10623
14099298322128	42004	40075868	10620
14099298364168	42040	40076255	10630
14099298406145	41977	40076501	10623
14099298448105	41960	40072255	10631
14099298490099	41994	40076632	10640
14099298532079	41980	40076877	10629
14099298574060	41981	40074744	10626
14099298616025	41965	40072627	10624
14099298658075	42050	40077386	10639
14099298700150	42075	40074029	10629
14099298742286	42136	40076122	10623
14099298784362	42076	40075524	10631
14099298826517	42155	40077163	10635
14099298868680	42163	40072497	10623
14099298910900	42220	40075589	10630
14099298953188	42288	40074103	10622
14099298995508	42320	40077339	10635
14099299037757	42249	40073059	10616
14099299080030	42273	40075990	10622
14099299122245	42215	40074893	10625
14099299164395	42150	40078019	10626
14099299206535	42140	40071741	10629
14099299248695	42160	40077200	10633
14099299290920	42225	40073790	10622
14099299333138	42218	40080251	10626
14099299375420	42282	40071593	10625
14099299417777	42357	40077054	10630
14099299460140	42363	40072374	10631
14099299502399	42259	40077530	10620
14099299544701	42302	40072392	10619
14099299586993	42292	40078196	10630
14099299629213	42220	40073470	10625
14099299671440	42227	40077612	10636
14099299713632	42192	40073304	10620
14099299755833	42201	40076141	10624
14099299798035	42202	40074587	10625
14099299840259	42224	40074845	10623
14099299882465	42206	40075388	10625
14099299924673	42208	40074575	10623
14099299966828	42155	40076958	10626
14099300008994	42166	40077061	10620
14099300051132	42138	40072935	10628
14099300093376	42244	40078516	10620
14099300135565	42189	40070423	10620
14099300177794	42229	40078564	10630
14099300220010	42216	40073849	10631
14099300262252	42242	40074223	10625
14099300304521	42269	40076335	10630
14099300346817	42296	40075923	10629
14099300389081	42264	40072195	10618
14099300431334	42253	40077539	10628
14099300473534	42200	40075119	10633
14099300515788	42254	40078219	10624
14099300557985	42197	40071486	10630
14099300600211	42226	40072727	10621
14099300642415	42204	40076376	10628
14099300684667	42252	40071476	10625
14099300726902	42235	40079229	10629
14099300769101	42199	40075995	10628
14099300811236	42135	40075757	10626
14099300853416	42180	40075566	10635
14099300895550	42134	40074530	10627
14099300937701	42151	40074942	10630
14099300979813	42112	40076576	10625
14099301022191	42378	40073653	10618
14099301064757	42566	40075316	10627
14099301107378	42621	40079412	10619
14099301149957	42579	40072820	10628
14099301192620	42663	40074554	10616
14099301235259	42639	40076440	10638
14099301278033	42774	40076354	10631
14099301320729	42696	40072101	10627
14099301363500	42771	40077997	10635
14099301406269	42769	40073724	10625
14099301449125	42856	40074097	10622
14099301491829	42704	40075944	10628
14099301534587	42758	40076804	10631
14099301577334	42747	40073317	10620
14099301620082	42748	40075062	10619
14099301662750	42668	40074653	10625
14099301705462	42712	40077559	10632
14099301748125	42663	40072497	10623
14099301790911	42786	40083314	10633
14099301833589	42678	40069419	10634
14099301876307	42718	40074727	10621
14099301918986	42679	40073826	10623
14099301961445	42459	40075733	10630
14099302003597	42152	40078015	10618
14099302045725	42128	40075469	10627
14099302087796	42071	40071792	10635
14099302129917	42121	40077666	10632
14099302172035	42118	40073219	10634
14099302214198	42163	40076945	10617
14099302256382	42184	40073788	10632
14099302298575	42193	40075470	10625
14099302340694	42119	40075008	10629
14099302382829	42135	40075507	10625
14099302424940	42111	40075974	10622
14099302467096	42156	40075436	10631
14099302509277	42181	40074327	10621
14099302551465	42188	40077732	10630
14099302593695	42230	40071829	10628
14099302635936	42241	40078669	10626
14099302678128	42192	40073667	10632
14099302720203	42075	40073606	10628
14099302762230	42027	40075103	10623
14099302804310	42080	40077497	10630
14099302846412	42102	40073366	10550
14099302888488	42076	40076328	10631
14099302930614	42126	40076536	10622
14099302972710	42096	40074401	10628
14099303014822	42112	40074259	10624
14099303056951	42129	40077813	10618
14099303099028	42077	40073277	10622
14099303141088	42060	40075206	10629
14099303183133	42045	40074358	10623
14099303225190	42057	40077044	10618
14099303267293	42103	40072392	10622
14099303309399	42106	40077075	10631
14099303351456	42057	40075909	10626
14099303393550	42094	40075175	10628
14099303435636	42086	40075946	10628
14099303477696	42060	40073300	10629
14099303519756	42060	40076616	10629
14099303561837	42081	40075277	10629
14099303603903	42066	40073727	10627
14099303646159	42256	40078761	10622
14099303688419	42260	40074120	10613
14099303730519	42100	40073523	10625
14099303772849	42330	40077108	10633
14099303814990	42141	40074663	10636
14099303857107	42117	40073196	10637
14099303899220	42113	40076337	10622
14099303941281	42061	40074322	10623
14099303983405	42124	40075059	10629
14099304025555	42150	40074478	10624
14099304067702	42147	40079803	10628
14099304109847	42145	40071773	10625
14099304151987	42140	40076417	10622
14099304194276	42289	40075897	10623
14099304236592	42316	40075790	10634
14099304278835	42243	40072316	10631
14099304321087	42252	40076909	10621
14099304363286	42199	40075897	10632
14099304405450	42164	40075490	10630
14099304447599	42149	40074708	10635
14099304489733	42134	40075501	10624
14099304531800	42067	40073065	10639
14099304573872	42072	40076544	10625
14099304615968	42096	40075626	10622
14099304658128	42160	40075243	10633
14099304700268	42140	40075788	10632
14099304742349	42081	40074021	10626
14099304784385	42036	40073677	10628
14099304826459	42074	40079700	10634
14099304868550	42091	40072946	10636
14099304910619	42069	40076132	10632
14099304952713	42094	40074612	10627
14099304994758	42045	40074117	10640
14099305036843	42085	40075625	10632
14099305078927	42084	40075744	10628
14099305121002	42075	40075954	10630
14099305163161	42159	40074403	10635
14099305205216	42055	40074591	10630
14099305247339	42123	40075767	10634
14099305289306	41967	40073963	10626
14099305331387	42081	40077421	10632
14099305373513	42126	40075079	10621
14099305415597	42084	40074275	10630
14099305457673	42076	40075118	10629
14099305499809	42136	40077716	10628
14099305542005	42196	40073450	10632
14099305584138	42133	40074759	10626
14099305626330	42192	40075923	10628
14099305668540	42210	40075833	10635
14099305710713	42173	40073245	10625
14099305752934	42221	40075059	10631
14099305795057	42123	40076941	10623
14099305837175	42118	40075757	10637
14099305879256	42081	40073968	10638
14099305921400	42144	40077125	10629
14099305963496	42096	40072933	10631
14099306005608	42112	40074890	10637
14099306047734	42126	40074440	10635
14099306089898	42164	40076654	10630
14099306131986	42088	40075483	10620
14099306174144	42158	40076423	10632
14099306216195	42051	40072310	10634
14099306258292	42097	40077694	10632
14099306300324	42032	40073290	10635
14099306342459	42135	40078546	10645
14099306384568	42109	40073798	10630
14099306426736	42168	40074604	10618
14099306468843	42107	40074644	10626
14099306511032	42189	40077596	10630
14099306553111	42079	40074849	10638
14099306595296	42185	40075653	10627
14099306637367	42071	40074118	10633
14099306679490	42123	40078099	10628
14099306721770	42280	40071392	10624
14099306764431	42661	40077874	10631
14099306806585	42154	40071999	10633
14099306848799	42214	40078634	10623
14099306890887	42088	40071282	10628
14099306932989	42102	40077440	10629
14099306975069	42080	40074226	10639
14099307017132	42063	40077017	10633
14099307059187	42055	40074124	10636
14099307101234	42047	40075290	10628
14099307143277	42043	40074741	10638
14099307185353	42076	40075249	10628
14099307227341	41988	40075364	10620
14099307269376	42035	40075536	10635
14099307311387	42011	40075697	10629
14099307353369	41982	40076870	10620
14099307395406	42037	40071124	10635
14099307437449	42043	40078936	10619
14099307479483	42034	40073488	10626
14099307521543	42060	40077872	10626
14099307563589	42046	40072327	10632
14099307605637	42048	40077888	10638
14099307647710	42073	40074936	10635
14099307689798	42088	40075780	10632
14099307731899	42101	40072950	10641
14099307773945	42046	40076392	10637
14099307815985	42040	40075327	10639
14099307858013	42028	40072923	10633
14099307900047	42034	40075747	10634
14099307942115	42068	40078198	10630
14099307984149	42034	40072504	10632
14099308026212	42063	40075731	10634
14099308068282	42070	40074983	10630
14099308110364	42082	40077603	10627
14099308152465	42101	40071259	10623
14099308194564	42099	40077631	10633
14099308236605	42041	40072812	10636
14099308278634	42029	40077577	10628
14099308320631	41997	40075384	10623
14099308362636	42005	40073808	10631
14099308404639	42003	40074872	10640
14099308446655	42016	40077702	10630
14099308488615	41960	40073411	10630
14099308530626	42011	40077434	10628
14099308572650	42024	40071832	10633
14099308614680	42030	40076794	10631
14099308656684	42004	40073632	10635
14099308698739	42055	40076786	10633
14099308740784	42045	40073926	10636
14099308782864	42080	40078597	10632
14099308824962	42098	40074638	10634
14099308867007	42045	40068315	10624
14099308909072	42065	40083081	10635
14099308951148	42076	40073312	10639
14099308993168	42020	40075130	10637
14099309035272	42104	40074702	10620
14099309077319	42047	40076669	10636
14099309119313	41994	40076210	10636
14099309161347	42034	40072140	10626
14099309203323	41976	40077891	10630
14099309245326	42003	40072517	10634
14099309287347	42021	40077093	10626
14099309329392	42045	40074938	10624
14099309371418	42026	40074921	10626
14099309413474	42056	40074925	10625
14099309455533	42059	40078034	10631
14099309497618	42085	40073950	10635
14099309539791	42173	40073868	10633
14099309581910	42119	40076701	10632
14099309624052	42142	40074760	10634
14099309666117	42065	40076995	10633
14099309708167	42050	40072868	10630
14099309750208	42041	40073658	10625
14099309792301	42093	40077692	10627
14099309834483	42182	40075880	10631
14099309876671	42188	40073368	10637
14099309918797	42126	40070070	10637
14099309960942	42145	40083395	10631
14099310003035	42093	40072895	10627
14099310045087	42052	40077468	10635
14099310087195	42108	40070765	10634
14099310129363	42168	40079925	10628
14099310171411	42048	40070622	10630
14099310213477	42066	40076985	10629
14099310255565	42088	40075197	10639
14099310297642	42077	40076770	10633
14099310339704	42062	40075778	10629
14099310381799	42095	40074048	10632
14099310423889	42090	40076157	10636
14099310465990	42101	40073304	10630
14099310508151	42161	40077144	10635
14099310550280	42129	40075374	10629
14099310592383	42103	40074130	10626
14099310634483	42100	40076385	10631
14099310676564	42081	40074167	10633
14099310718693	42129	40074923	10642
14099310760762	42069	40075908	10628
14099310802900	42138	40076768	10623
14099310845070	42170	40074234	10631
14099310887222	42152	40074551	10628
14099310929331	42109	40076054	10632
14099310971431	42100	40079780	10628
14099311013525	42094	40068466	10642
14099311055640	42115	40075507	10641
14099311097785	42145	40077073	10632
14099311139969	42184	40074579	10630
14099311182067	42098	40072857	10633
14099311224259	42192	40078458	10635
14099311266421	42162	40072060	10617
14099311308523	42102	40080043	10629
14099311350537	42014	40070675	10631
14099311392618	42081	40080447	10635
14099311434787	42169	40072215	10635
14099311477066	42279	40075204	10635
14099311519255	42189	40072914	10629
14099311561441	42186	40078746	10631
14099311603551	42110	40073769	10638
14099311645714	42163	40075212	10623
14099311687863	42149	40075683	10626
14099311730004	42141	40075907	10626
14099311772124	42120	40072825	10631
14099311814333	42209	40077265	10622
14099311856560	42227	40072667	10625
14099311898686	42126	40077235	10626
14099311940715	42029	40073300	10631
14099311982791	42076	40079148	10628
14099312024811	42020	40073809	10627
14099312066912	42101	40076349	10642
14099312108964	42052	40071938	10624
14099312151046	42082	40076624	10624
14099312193130	42084	40074648	10626
14099312235428	42298	40075940	10634
14099312277484	42056	40073009	10620
14099312319554	42070	40078175	10628
14099312361607	42053	40074175	10627
14099312403646	42039	40077998	10632
14099312445699	42053	40071072	10632
14099312487770	42071	40075995	10630
14099312529864	42094	40074798	10625
14099312571951	42087	40077745	10635
14099312613981	42030	40074831	10636
14099312656085	42104	40074569	10635
14099312698091	42006	40074357	10629
14099312740218	42127	40076305	10632
14099312782230	42012	40073832	10635
14099312824264	42034	40076633	10631
14099312866274	42010	40074910	10621
14099312908314	42040	40076622	10637
14099312950352	42038	40072981	10630
14099312992368	42016	40077509	10622
14099313034349	41981	40074870	10625
14099313076374	42025	40075704	10636
14099313118421	42047	40073692	10631
14099313160472	42051	40074953	10626
14099313202516	42044	40072663	10630
14099313244592	42076	40078811	10634
14099313286663	42071	40073866	10625
14099313328816	42153	40076257	10625
14099313370893	42077	40074144	10629
14099313413031	42138	40078372	10630
14099313455110	42079	40071866	10632
14099313497164	42054	40078587	10634
14099313539252	42088	40074419	10629
14099313581314	42062	40073939	10639
14099313623351	42037	40074856	10629
14099313665425	42074	40078640	10643
14099313707491	42066	40072745	10631
14099313749557	42066	40076069	10627
14099313791692	42135	40075314	10639
14099313833768	42076	40076196	10631
14099313875874	42106	40071562	10634
14099313917973	42099	40077286	10620
14099313960100	42127	40073151	10625
14099314002262	42162	40077745	10626
14099314044481	42219	40074128	10627
14099314086681	42200	40077585	10632
14099314128815	42134	40073515	10629
14099314170971	42156	40076450	10629
14099314213086	42115	40073298	10624
14099314255172	42086	40079553	10638
14099314297260	42088	40071486	10627
14099314339333	42073	40075571	10637
14099314381440	42107	40075335	10634
14099314423559	42119	40076433	10628
14099314465656	42097	40072735	10631
14099314507735	42079	40077747	10634
14099314549825	42090	40073804	10644
14099314591982	42157	40077405	10637
14099314634074	42092	40072863	10628
14099314676150	42076	40075375	10632
14099314718299	42149	40075812	10630
14099314760419	42120	40077153	10628
14099314802509	42090	40074029	10632
14099314844621	42112	40074589	10624
14099314886651	42030	40073012	10629
14099314928702	42051	40076287	10625
14099314970730	42028	40074977	10633
14099315012832	42102	40078048	10622
14099315054935	42103	40071935	10631
14099315096971	42036	40076518	10627
14099315139034	42063	40076032	10633
14099315181107	42073	40075591	10622
14099315223195	42088	40075218	10627
14099315265488	42293	40074165	10634
14099315307715	42227	40072976	10634
14099315349904	42189	40081205	10637
14099315392074	42170	40070271	10630
14099315434226	42152	40076355	10628
14099315476400	42174	40074313	10627
14099315518702	42302	40076909	10631
14099315560958	42256	40076066	10630
14099315603178	42220	40076577	10638
14099315645355	42177	40070825	10637
14099315687481	42126	40070027	10626
14099315729672	42191	40082348	10638
14099315771871	42199	40074230	10632
14099315814029	42158	40075362	10629
14099315856136	42107	40075690	10637
14099315898235	42099	40073789	10639
14099315940256	42021	40079397	10634
14099315982293	42037	40073901	10634
14099316024365	42072	40074613	10625
14099316066497	42132	40074630	10627
14099316108604	42107	40077276	10631
14099316150672	42068	40074671	10641
14099316192743	42071	40073735	10622
14099316234841	42098	40078413	10636
14099316276953	42112	40075432	10634
14099316319045	42092	40073310	10627
14099316361144	42099	40075447	10634
14099316403224	42080	40073782	10635
14099316445292	42068	40075556	10627
14099316487371	42079	40074385	10635
14099316529473	42102	40076519	10637
14099316571573	42100	40074616	10635
14099316613671	42098	40074952	10632
14099316655776	42105	40075107	10616
14099316697880	42104	40077196	10637
14099316740019	42139	40073693	10634
14099316782285	42266	40077264	10622
14099316824477	42192	40071634	10627
14099316866591	42114	40076552	10626
14099316908753	42162	40078305	10624
14099316950863	42110	40072544	10625
14099316993030	42167	40075827	10633
14099317035186	42156	40074093	10626
14099317077366	42180	40077212	10632
14099317119540	42174	40075458	10630
14099317161779	42239	40073372	10631
14099317203937	42158	40076443	10627
14099317246731	42794	40075192	10636
14099317289011	42280	40074972	10633
14099317331306	42295	40074163	10637
14099317373513	42207	40078212	10629
14099317415666	42153	40071013	10635
14099317457789	42123	40079616	10636
14099317499874	42085	40071114	10632
14099317541952	42078	40077862	10635
14099317584032	42080	40073154	10636
14099317626119	42087	40076628	10626
14099317668204	42085	40073489	10629
14099317710266	42062	40078536	10632
14099317752375	42109	40073790	10626
14099317794451	42076	40076458	10638
14099317836552	42101	40075183	10638
14099317878653	42101	40075161	10634
14099317920762	42109	40074583	10629
14099317962889	42127	40074565	10631
14099318005025	42136	40073816	10639
14099318047135	42110	40079592	10623
14099318089242	42107	40073371	10624
14099318131350	42108	40075415	10633
14099318173457	42107	40073335	10626
14099318215619	42162	40077043	10631
14099318257788	42169	40074968	10638
14099318299907	42119	40075357	10630
14099318342075	42168	40073286	10628
14099318384202	42127	40078511	10631
14099318426364	42162	40071708	10630
14099318468461	42097	40078036	10631
14099318510584	42123	40072546	10642
14099318552728	42144	40078592	10636
14099318594832	42104	40074630	10635
14099318636961	42129	40074457	10627
14099318679116	42155	40075950	10623
14099318721211	42095	40075928	10624
14099318763353	42142	40071828	10632
14099318805441	42088	40077213	10635
14099318847512	42071	40073042	10625
14099318889550	42038	40077416	10631
14099318931611	42061	40074757	10635
14099318973631	42020	40074875	10626
14099319015710	42079	40077281	10626
14099319057848	42138	40073350	10629
14099319099921	42073	40075120	10636
14099319142005	42084	40075203	10633
14099319184058	42053	40075127	10639
14099319226076	42018	40075673	10627
14099319268150	42074	40074578	10632
14099319310169	42019	40075862	10635
14099319352187	42018	40076237	10637
14099319394174	41987	40074440	10628
14099319436213	42039	40075812	10636
14099319478228	42015	40076450	10630
14099319520239	42011	40073193	10642
14099319562267	42028	40076745	10628
14099319604342	42075	40072438	10629
14099319646409	42067	40077786	10637
14099319688499	42090	40074566	10631
14099319730591	42092	40074782	10630
14099319772674	42083	40076097	10631
14099319814748	42074	40076352	10636
14099319856832	42084	40074372	10636
14099319898863	42031	40076161	10633
14099319940913	42050	40072726	10626
14099319983040	42127	40075470	10637
14099320025068	42028	40074917	10628
14099320067148	42080	40078977	10628
14099320109300	42152	40073021	10627
14099320151402	42102	40076042	10620
14099320193500	42098	40073911	10630
14099320235590	42090	40077724	10633
14099320277690	42100	40073971	10632
14099320319770	42080	40073486	10632
14099320361851	42081	40078243	10638
14099320403934	42083	40073888	10629
14099320446068	42134	40073081	10635
14099320488227	42159	40076938	10630
14099320530411	42184	40072783	10633
14099320572560	42149	40079426	10640
14099320614721	42161	40073787	10639
14099320656885	42164	40075617	10631
14099320699041	42156	40073101	10633
14099320741113	42072	40076441	10628
14099320783108	41995	40075987	10623
14099320825136	42028	40073489	10631
14099320867196	42060	40074458	10633
14099320909251	42055	40078312	10633
14099320951321	42070	40073057	10625
14099320993366	42045	40077734	10632
14099321035443	42077	40074394	10627
14099321077476	42033	40076112	10637
14099321119541	42065	40072956	10623
14099321161613	42072	40078329	10631
14099321203631	42018	40070817	10629
14099321245677	42046	40078876	10627
14099321287740	42063	40073140	10630
14099321329795	42055	40078055	10640
14099321371916	42121	40071082	10639
14099321414047	42131	40077707	10631
14099321456172	42125	40075377	10633
14099321498322	42150	40074290	10627
14099321540471	42149	40076481	10630
14099321582618	42147	40073490	10629
14099321624809	42191	40075450	10627
14099321666940	42131	40077071	10623
14099321709144	42204	40075052	10630
14099321751249	42105	40073366	10627
14099321793470	42221	40075890	10634
14099321835575	42105	40074391	10630
14099321877777	42202	40074540	10624
14099321919939	42162	40079249	10636
14099321962145	42206	40072640	10633
14099322004309	42164	40075147	10632
14099322046528	42219	40075103	10633
14099322088657	42129	40075026	10629
14099322130850	42193	40073634	10625
14099322172981	42131	40077351	10637
14099322215107	42126	40073372	10631
14099322257231	42124	40079344	10637
14099322299406	42175	40071218	10625
14099322341486	42080	40078671	10622
14099322383632	42146	40073394	10629
14099322425818	42186	40075319	10628
14099322468019	42201	40076267	10630
14099322510156	42137	40074706	10637
14099322552368	42212	40079288	10633
14099322594539	42171	40073138	10628
14099322636725	42186	40071432	10625
14099322678789	42064	40079499	10630
14099322720932	42143	40072371	10623
14099322762994	42062	40077399	10634
14099322805176	42182	40074427	10627
14099322847294	42118	40074788	10632
14099322889385	42091	40073954	10643
14099322931454	42069	40078130	10628
14099322973550	42096	40073423	10627
14099323015656	42106	40075104	10626
14099323057786	42130	40074178	10636
14099323099871	42085	40075416	10629
14099323141978	42107	40076046	10630
14099323184064	42086	40076932	10633
14099323226139	42075	40072232	10621
14099323268243	42104	40078385	10623
14099323310319	42076	40071957	10630
14099323352350	42031	40077298	10630
14099323394380	42030	40073389	10624
14099323436383	42003	40077798	10638
14099323478447	42064	40073597	10628
14099323520510	42063	40076643	10620
14099323562557	42047	40074396	10633
14099323604671	42114	40074938	10631
14099323646777	42106	40074507	10622
14099323688877	42100	40076532	10630
14099323731015	42138	40074630	10632
14099323773130	42115	40075665	10631
14099323815223	42093	40075972	10635
14099323857263	42040	40074517	10634
14099323899396	42133	40075325	10564
14099323941492	42096	40075331	10629
14099323983581	42089	40076126	10640
14099324025677	42096	40075378	10631
14099324067766	42089	40074719	10635
14099324109858	42092	40069174	10623
14099324151992	42134	40085225	10625
14099324194083	42091	40069895	10630
14099324236283	42200	40075353	10633
14099324278447	42164	40075511	10622
14099324320611	42164	40075116	10622
14099324362743	42132	40075524	10643
14099324404827	42084	40073011	10635
14099324446922	42095	40077849	10635
14099324489025	42103	40075954	10629
14099324531121	42096	40078333	10632
14099324573231	42110	40072866	10639
14099324615373	42142	40074494	10626
14099324657527	42154	40075678	10626
14099324699684	42157	40074943	10633
14099324741785	42101	40074014	10638
14099324783876	42091	40074886	10633
14099324826015	42139	40075290	10634
14099324868149	42134	40077649	10628
14099324910299	42150	40071593	10631
14099324952451	42152	40076044	10630
14099324994573	42122	40076692	10639
14099325036675	42102	40076414	10630
14099325078783	42108	40072383	10628
14099325120901	42118	40078138	10627
14099325163003	42102	40075604	10629
14099325205096	42093	40074220	10628
14099325247254	42158	40075730	10629
14099325289380	42126	40075288	10632
14099325331543	42163	40075702	10629
14099325373669	42126	40074790	10631
14099325415786	42117	40071734	10627
14099325457858	42072	40078257	10631
14099325499930	42072	40072688	10633
14099325542026	42096	40078262	10630
14099325584132	42106	40073580	10620
14099325626250	42118	40076612	10631
14099325668352	42102	40072792	10635
14099325710447	42095	40076423	10636
14099325752587	42140	40076466	10634
14099325794717	42130	40073522	10634
14099325836807	42090	40073980	10635
14099325878887	42080	40077467	10636
14099325921014	42127	40075804	10628
14099325963144	42130	40076153	10636
14099326005304	42160	40073541	10634
14099326047428	42124	40077868	10633
14099326089560	42132	40070649	10634
14099326131713	42153	40078862	10634
14099326173866	42153	40075124	10629
14099326216055	42189	40076043	10628
14099326258243	42188	40072788	10637
14099326300401	42158	40077145	10631
14099326342540	42139	40072273	10630
14099326384668	42128	40076030	10633
14099326426815	42147	40076249	10626
14099326468941	42126	40076657	10632
14099326511069	42128	40073454	10637
14099326553199	42130	40074956	10627
14099326595367	42168	40075236	10630
14099326637556	42189	40077712	10635
14099326679810	42254	40071590	10622
14099326722033	42223	40078081	10628
14099326764249	42216	40076443	10628
14099326806418	42169	40074942	10632
14099326848594	42176	40072408	10629
14099326890719	42125	40078520	10624
14099326932881	42162	40073073	10625
14099326975104	42223	40083632	10627
14099327017350	42246	40064964	10624
14099327059532	42182	40077763	10630
14099327101758	42226	40073839	10616
14099327143961	42203	40075739	10634
14099327186191	42230	40072929	10619
14099327228302	42111	40079989	10625
14099327270401	42099	40072097	10630
14099327312514	42113	40076366	10623
14099327354774	42260	40073249	10626
14099327396958	42184	40077930	10635
14099327439219	42261	40072718	10624
14099327481412	42193	40076412	10624
14099327523648	42236	40075536	10622
14099327565770	42122	40074375	10638
14099327607969	42199	40074732	10625
14099327650116	42147	40078145	10627
14099327692300	42184	40072136	10628
14099327734555	42255	40082210	10639
14099327777259	42704	40068511	10630
14099327819472	42213	40077683	10633
14099327861725	42253	40075036	10637
14099327903910	42185	40074847	10623
14099327946122	42212	40077535	10627
14099327988213	42091	40072480	10625
14099328030338	42125	40074724	10630
14099328072422	42084	40076934	10632
14099328114539	42117	40073718	10626
14099328156654	42115	40075632	10633
14099328198818	42164	40074622	10628
14099328240979	42161	40076681	10625
14099328283151	42172	40072768	10634
14099328325278	42127	40076650	10631
14099328367377	42099	40073669	10627
14099328409469	42092	40076429	10635
14099328451573	42104	40076967	10622
14099328493699	42126	40074952	10630
14099328535857	42158	40075566	10627
14099328577947	42090	40076399	10638
14099328620038	42091	40071775	10629
14099328662128	42090	40077709	10627
14099328704235	42107	40072224	10629
14099328746266	42031	40079431	10631
14099328788332	42066	40073905	10628
14099328830415	42083	40074175	10632
14099328872469	42054	40073638	10631
14099328914529	42060	40078376	10641
14099328956614	42085	40075424	10633
14099328998733	42119	40080798	10630
14099329040875	42142	40066275	10628
14099329083060	42185	40078715	10623
14099329125229	42169	40073699	10626
14099329167404	42175	40075763	10633
14099329209590	42186	40073161	10630
14099329251778	42188	40078711	10630
14099329293973	42195	40073515	10628
14099329336156	42183	40076066	10630
14099329378337	42181	40075196	10628
14099329420474	42137	40075872	10637
14099329462646	42172	40072480	10625
14099329504821	42175	40077608	10636
14099329547008	42187	40071487	10624
14099329589235	42227	40078191	10629
14099329631366	42131	40075688	10625
14099329673537	42171	40075378	10629
14099329715759	42222	40073450	10632
14099329757942	42183	40075501	10622
14099329800118	42176	40075509	10639
14099329842318	42200	40081458	10631
14099329884579	42261	40070460	10636
14099329926791	42212	40075195	10628
14099329968926	42135	40073467	10630
14099330011048	42122	40075534	10627
14099330053123	42075	40074913	10630
14099330095243	42120	40078025	10630
14099330137406	42163	40071900	10630
14099330179504	42098	40076211	10634
14099330221629	42125	40075949	10634
14099330263688	42059	40074690	10626
14099330305824	42136	40075110	10643
14099330347984	42160	40075968	10627
14099330390093	42109	40073247	10620
14099330432234	42141	40077126	10631
14099330474468	42234	40075569	10622
14099330516719	42251	40075838	10628
14099330559060	42341	40072614	10624
14099330601415	42355	40077518	10628
14099330643771	42356	40072753	10631
14099330686049	42278	40079243	10632
14099330728336	42287	40071658	10629
14099330770679	42343	40078211	10632
14099330813022	42343	40072249	10638
14099330855368	42346	40078574	10633
14099330897670	42302	40072599	10627
14099330940153	42483	40077684	10631
14099330982739	42586	40073618	10625
14099331025121	42382	40074255	10635
14099331067548	42427	40074234	10621
14099331109953	42405	40078128	10638
14099331152393	42440	40074254	10624
14099331194910	42517	40074537	10632
14099331237451	42541	40076253	10629
14099331279948	42497	40074487	10635
14099331322364	42416	40074206	10626
14099331364784	42420	40080081	10638
14099331407286	42502	40070360	10630
14099331449724	42438	40078618	10636
14099331492116	42392	40071423	10631
14099331534481	42365	40077191	10624
14099331576854	42373	40074528	10632
14099331619165	42311	40077228	10629
14099331661433	42268	40073797	10622
14099331703886	42453	40084669	10635
14099331747100	43214	40066185	10627
14099331790287	43187	40078528	10624
14099331833484	43197	40075634	10634
14099331876640	43156	40071269	10631
14099331920192	43552	40075548	10637
14099331963879	43687	40077518	10627
14099332007641	43762	40070734	10630
14099332051417	43776	40077721	10636
14099332094778	43361	40073208	10629
14099332137404	42626	40078277	10635
14099332180081	42677	40072520	10645
14099332222752	42671	40077741	10633
14099332265095	42343	40074732	10627
14099332307250	42155	40073388	10628
14099332349384	42134	40076913	10632
14099332391526	42142	40074370	10634
14099332433702	42176	40074116	10629
14099332475755	42053	40078735	10632
14099332517911	42156	40074490	10634
14099332560003	42092	40075098	10632
14099332602140	42137	40073788	10634
14099332644168	42028	40077417	10626
14099332686291	42123	40073816	10626
14099332728351	42060	40075337	10633
14099332770502	42151	40072960	10631
14099332812602	42100	40079708	10625
14099332854727	42125	40071536	10627
14099332896821	42094	40082448	10634
14099332939048	42227	40067624	10620
14099332981180	42132	40078027	10630
14099333023353	42173	40074159	10628
14099333065444	42091	40077483	10618
14099333107593	42149	40071521	10630
14099333149732	42139	40078926	10639
14099333191854	42122	40073074	10628
14099333233918	42064	40075811	10634
14099333275996	42078	40072843	10628
14099333318083	42087	40076874	10633
14099333360219	42136	40074251	10625
14099333402301	42082	40077302	10623
14099333444383	42082	40074139	10636
14099333486448	42065	40074968	10625
14099333528548	42100	40075124	10636
14099333570606	42058	40078251	10628
14099333612725	42119	40073284	10634
14099333654826	42101	40074320	10632
14099333696928	42102	40076223	10634
14099333739066	42138	40076605	10623
14099333781264	42198	40071831	10614
14099333823436	42172	40076982	10645
14099333865609	42173	40075571	10628
14099333907739	42130	40073679	10630
14099333949872	42133	40080223	10636
14099333991993	42121	40073341	10626
14099334034130	42137	40074747	10628
14099334076214	42084	40074075	10626
14099334118358	42144	40075687	10633
14099334160489	42131	40075317	10616
14099334202583	42094	40074505	10627
14099334244689	42106	40077181	10637
14099334286772	42083	40072815	10629
14099334328860	42088	40074894	10625
14099334370950	42090	40074706	10627
14099334413019	42069	40078524	10626
14099334455151	42132	40072546	10629
14099334497293	42142	40076351	10632
14099334539412	42119	40073393	10636
14099334581548	42136	40078407	10624
14099334623631	42083	40074738	10634
14099334665745	42114	40076276	10638
14099334707896	42151	40072907	10633
14099334749969	42073	40075679	10622
14099334792106	42137	40074829	10620
14099334834242	42136	40077714	10641
14099334876378	42136	40071730	10636
14099334918536	42158	40077745	10628
14099334960652	42116	40073280	10621
14099335002765	42113	40075702	10624
14099335044921	42156	40074322	10630
14099335087182	42261	40077292	10638
14099335129418	42236	40075918	10627
14099335171581	42163	40073912	10631
14099335213826	42245	40074520	10627
14099335256212	42386	40075989	10625
14099335298499	42287	40074099	10626
14099335340826	42327	40082643	10629
14099335383136	42310	40071195	10626
14099335425396	42260	40071978	10623
14099335467818	42422	40071243	10624
14099335510107	42289	40079735	10632
14099335552285	42178	40073995	10626
14099335594427	42142	40077378	10626
14099335636623	42196	40075812	10635
14099335678788	42165	40074784	10634
14099335720987	42199	40073077	10629
14099335763292	42305	40078927	10633
14099335805639	42347	40072427	10631
14099335847927	42288	40077317	10636
14099335890160	42233	40072290	10607
14099335932350	42190	40078882	10636
14099335974516	42166	40071731	10632
14099336016686	42170	40077656	10630
14099336058865	42179	40073323	10630
14099336101032	42167	40079585	10622
14099336143184	42152	40071559	10631
14099336185391	42207	40076663	10628
14099336227559	42168	40074410	10629
14099336269663	42104	40078051	10636
14099336311756	42093	40072685	10625
14099336353844	42088	40074929	10629
14099336395961	42117	40070630	10629
14099336438067	42106	40079647	10634
14099336480184	42117	40076259	10632
14099336522278	42094	40077868	10640
14099336564418	42140	40069743	10628
14099336606545	42127	40078837	10633
14099336648693	42148	40072566	10637
14099336690889	42196	40076487	10627
14099336733061	42172	40076622	10625
14099336775286	42225	40073239	10633
14099336817501	42215	40075955	10632
14099336859707	42206	40078336	10636
14099336901884	42177	40073286	10620
14099336944025	42141	40076531	10622
14099336986217	42192	40072890	10619
14099337028312	42095	40076289	10636
14099337070489	42177	40073640	10630
14099337112631	42142	40077939	10635
14099337154767	42136	40073256	10624
14099337196900	42133	40077484	10632
14099337239056	42156	40073151	10628
14099337281193	42137	40075897	10630
14099337323367	42174	40072680	10629
14099337365531	42164	40078236	10637
14099337407708	42177	40074429	10633
14099337449853	42145	40081386	10626
14099337491992	42139	40067663	10617
14099337534132	42140	40076476	10625
14099337576323	42191	40074956	10624
14099337618447	42124	40076354	10628
14099337660618	42171	40073814	10622
14099337702796	42178	40075026	10627
14099337745020	42224	40076845	10628
14099337787196	42176	40073626	10625
14099337829471	42275	40076884	10631
14099337871610	42139	40073885	10631
14099337913780	42170	40073224	10619
14099337956007	42227	40079511	10629
14099337998183	42176	40073009	10620
14099338040323	42140	40077608	10629
14099338082456	42133	40077294	10623
14099338124643	42187	40071235	10624
14099338166777	42134	40074820	10628
14099338208932	42155	40077444	10629
14099338251087	42155	40071960	10629
14099338293772	42685	40076683	10634
14099338335966	42194	40073737	10635
14099338378162	42196	40077708	10628
14099338420392	42230	40073238	10622
14099338462566	42174	40076395	10620
14099338504666	42100	40073747	10625
14099338546754	42088	40079239	10630
14099338588919	42165	40074286	10633
14099338631150	42231	40073216	10624
14099338673302	42152	40074136	10630
14099338715484	42182	40075986	10632
14099338757635	42151	40074594	10626
14099338799856	42221	40075691	10632
14099338842044	42188	40075389	10624
14099338884207	42163	40076884	10633
14099338926301	42094	40073427	10634
14099338968439	42138	40076770	10622
14099339010583	42144	40074284	10615
14099339052752	42169	40075255	10632
14099339094866	42114	40076162	10633
14099339136965	42099	40076389	10633
14099339179070	42105	40072818	10625
14099339221221	42151	40078465	10620
14099339263364	42143	40073832	10633
14099339305530	42166	40079213	10632
14099339347707	42177	40071413	10633
14099339389819	42112	40074300	10638
14099339431974	42155	40075716	10632
14099339474128	42154	40076257	10636
14099339516234	42106	40074366	10639
14099339558377	42143	40076724	10636
14099339600505	42128	40072155	10632
14099339642627	42122	40077237	10624
14099339684825	42198	40072611	10627
14099339727045	42220	40077475	10637
14099339769255	42210	40072554	10624
14099339811455	42200	40075993	10631
14099339853635	42180	40075595	10629
14099339895786	42151	40071784	10620
14099339937887	42101	40078759	10626
14099339980021	42134	40084089	10627
14099340022151	42130	40065308	10624
14099340064271	42120	40077422	10626
14099340106436	42165	40073484	10616
14099340148607	42171	40079364	10616
14099340190723	42116	40072032	10632
14099340232844	42121	40076862	10630
14099340274978	42134	40074890	10626
14099340317154	42176	40074372	10627
14099340359325	42171	40076279	10635
14099340401545	42220	40073964	10635
14099340443679	42134	40076624	10620
14099340485809	42130	40075044	10637
14099340527926	42117	40074458	10630
14099340570066	42140	40075077	10630
14099340612135	42069	40073733	10633
14099340654225	42090	40077407	10628
14099340696253	42028	40075527	10622
14099340738312	42059	40074608	10624
14099340780350	42038	40075742	10617
14099340822386	42036	40074280	10621
14099340864424	42038	40075098	10627
14099340906520	42096	40074931	10634
14099340948577	42057	40077077	10639
14099340990701	42124	40075927	10633
14099341032824	42123	40071814	10563
14099341075030	42206	40077381	10554
14099341117318	42288	40072380	10608
14099341159646	42328	40073222	10635
14099341201870	42224	40080343	10621
14099341244114	42244	40074721	10621
14099341286295	42181	40073787	10627
14099341328538	42243	40078487	10625
14099341370754	42216	40071581	10624
14099341412992	42238	40076651	10635
14099341455262	42270	40075532	10634
14099341497483	42221	40077837	10626
14099341539911	42428	40073823	10625
14099341583364	43453	40076697	10630
14099341626229	42865	40074387	10629
14099341669027	42798	40073789	10637
14099341711733	42706	40075883	10625
14099341754341	42608	40076128	10632
14099341796970	42629	40074841	10625
14099341839644	42674	40073355	10631
14099341882247	42603	40073782	10626
14099341924893	42646	40078198	10637
14099341967479	42586	40074691	10631
14099342010051	42572	40077641	10629
14099342052592	42541	40071486	10622
14099342095134	42542	40077782	10628
14099342137767	42633	40074792	10633
14099342180401	42634	40076329	10628
14099342223010	42609	40073165	10610
14099342265612	42602	40076997	10624
14099342308210	42598	40073786	10629
14099342350821	42611	40076513	10626
14099342393441	42620	40074068	10629
14099342435964	42523	40074127	10642
14099342478424	42460	40075499	10633
14099342521010	42586	40074966	10633
14099342563508	42498	40077368	10637
14099342606005	42497	40076677	10631
14099342648475	42470	40072757	10624
14099342690921	42446	40076921	10632
14099342733288	42367	40073520	10633
14099342775752	42464	40074652	10634
14099342818148	42396	40074018	10627
14099342860598	42450	40077112	10635
14099342903033	42435	40076623	10634
14099342945470	42437	40075889	10629
14099342987809	42339	40074073	10637
14099343030248	42439	40076566	10626
14099343072628	42380	40073013	10629
14099343115103	42475	40077346	10624
14099343157429	42326	40072144	10617
14099343199859	42430	40078761	10635
14099343242253	42394	40071081	10622
14099343284662	42409	40076839	10635
14099343327056	42394	40075739	10631
14099343369593	42537	40074751	10635
14099343412076	42483	40076282	10634
14099343454611	42535	40075085	10632
14099343497002	42391	40075831	10623
14099343539491	42489	40074249	10636
14099343581875	42384	40075191	10638
14099343624278	42403	40075302	10629
14099343666753	42475	40074373	10631
14099343709285	42532	40077123	10632
14099343751742	42457	40075483	10635
14099343794213	42471	40075847	10628
14099343836617	42404	40071022	10628
14099343878992	42375	40078618	10626
14099343921342	42350	40075119	10628
14099343963725	42383	40074024	10629
14099344006065	42340	40074905	10635
14099344048636	42571	40077554	10634
14099344091424	42788	40074722	10640
14099344134207	42783	40074504	10637
14099344177005	42798	40073228	10626
14099344219758	42753	40077243	10629
14099344262399	42641	40074755	10636
14099344305035	42636	40074038	10629
14099344347708	42673	40076290	10618
14099344390350	42642	40075906	10625
14099344432963	42613	40074690	10628
14099344475589	42626	40076770	10637
14099344518255	42666	40074332	10635
14099344560915	42660	40073876	10633
14099344603531	42616	40074772	10633
14099344646213	42682	40079317	10636
14099344688883	42670	40073656	10637
14099344731534	42651	40076462	10630
14099344774113	42579	40073247	10629
14099344816710	42597	40075360	10640
14099344859247	42537	40075583	10625
14099344901872	42625	40075630	10624
14099344944421	42549	40074470	10619
14099344986976	42555	40079112	10552
14099345029653	42677	40070236	10626
14099345072372	42719	40076924	10624
14099345115044	42672	40073566	10628
14099345157723	42679	40075787	10627
14099345200397	42674	40073551	10625
14099345243123	42726	40077387	10622
14099345285805	42682	40076685	10631
14099345328567	42762	40073130	10623
14099345371299	42732	40075651	10616
14099345414083	42784	40077294	10627
14099345456834	42751	40075616	10628
14099345499566	42732	40067000	10628
