#sensor_value	delta_value	duration_ns	duration_samples
539	13	40074047	3714
530	9	40074503	3719
532	2	40074833	3717
530	2	160301088	14854
533	3	40080879	3711
535	2	80142132	7424
533	2	40080815	3714
535	2	80147654	7426
533	2	40079953	3716
530	3	80148539	7425
533	3	40071321	3712
530	3	40075565	3712
528	2	80154331	7422
530	2	80145362	7425
528	2	40079602	3714
544	16	40079675	3719
535	9	40072613	3716
532	3	40079163	3721
530	2	40068141	3713
532	2	40081958	3712
530	2	120213738	11141
535	5	120235431	11143
533	2	40070275	3716
530	3	40083144	3713
533	3	40066186	3714
530	3	80150922	7424
528	2	40075942	3714
533	5	80150052	7427
532	1	40066911	3710
533	1	40083777	3717
535	2	40075864	3714
533	2	40075602	3712
532	1	40069140	3710
533	1	80160020	7406
532	1	40073190	3716
530	2	40074579	3715
532	2	40076143	3717
530	2	40068460	3712
528	2	120238427	11147
530	2	120213443	11138
535	5	40085205	3715
530	5	40064298	3711
532	2	40087614	3717
528	4	80140941	7427
526	2	80154216	7416
528	2	40074428	3710
530	2	80144310	7429
533	3	80150763	7423
528	5	80157536	7432
535	7	40080863	3714
533	2	40065966	3713
530	3	40081122	3716
533	3	40072065	3718
535	2	40073200	3712
533	2	40075063	3719
530	3	40084367	3719
528	2	40066278	3710
532	4	40078344	3712
530	2	120224617	11139
533	3	40077185	3716
535	2	40076317	3713
530	5	40077383	3716
526	4	40067145	3713
530	4	40082319	3711
533	3	40071950	3710
530	3	160300248	14851
528	2	80153372	7429
530	2	40072603	3713
533	3	80156176	7423
532	1	40063417	3713
530	2	160306248	14852
533	3	40081313	3713
532	1	40064509	3711
535	3	40083430	3715
533	2	40066165	3711
535	2	80152419	7429
533	2	40079983	3718
532	1	40075637	3717
533	1	80143429	7424
532	1	80151681	7426
537	5	40082914	3714
535	2	40070384	3715
532	3	40081648	3715
528	4	40071398	3715
530	2	40081434	3716
526	4	40067241	3715
528	2	80145366	7428
535	7	40079464	3715
532	3	80152464	7429
526	6	40072162	3714
533	7	40080118	3713
530	3	80153208	7427
528	2	40075030	3713
532	4	40071957	3714
528	4	40071710	3711
535	7	40079839	3713
528	7	40077057	3714
533	5	40072711	3713
528	5	40072745	3713
532	4	40074153	3711
526	6	40077557	3711
537	11	40073851	3711
530	7	40072281	3710
533	3	40085988	3714
528	5	40070562	3717
533	5	40074333	3716
528	5	120228031	11145
530	2	80142226	7429
533	3	40082693	3720
530	3	160296835	14844
528	2	40072907	3712
530	2	200381291	18559
533	3	40074372	3722
528	5	40077569	3716
526	2	40067112	3715
524	2	40086051	3716
528	4	120220539	11117
530	2	40075102	3708
533	3	40072612	3709
532	1	40078756	3714
528	4	240453248	22278
530	2	40076227	3712
528	2	40071409	3709
530	2	40077426	3713
528	2	40077661	3712
530	2	120216031	11134
528	2	160302426	14849
526	2	40077030	3716
525	1	40081252	3715
526	1	40071954	3715
528	2	40073653	3712
526	2	40078325	3721
528	2	80149823	7425
526	2	120230031	11136
528	2	280525980	25987
533	5	40073366	3714
535	2	40074460	3715
532	3	120227503	11140
528	4	40077280	3714
530	2	160292536	14854
535	5	40072280	3713
533	2	40079733	3713
532	1	40071131	3711
530	2	40080960	3714
528	2	80156841	7425
530	2	40067346	3709
528	2	120224812	11135
530	2	40076638	3716
531	1	40075291	3714
526	5	40076987	3714
528	2	200374374	18564
530	2	80152966	7429
528	2	40074989	3714
526	2	40080332	3715
528	2	80149118	7426
526	2	40065745	3710
528	2	40077431	3710
530	2	40072795	3711
533	3	80151374	7427
530	3	40078229	3714
533	3	80151109	7423
530	3	120221832	11140
533	3	40085535	3714
530	3	40073405	3709
528	2	120228197	11140
530	2	80143578	7424
528	2	40074807	3712
530	2	80148870	7422
533	3	40085522	3714
528	5	40064112	3709
530	2	80150308	7421
528	2	40083055	3723
526	2	40068157	3718
528	2	40086004	3714
530	2	40061772	3713
532	2	40087167	3714
530	2	40063052	3714
528	2	40074025	3714
526	2	40082774	3711
530	4	40073751	3710
524	6	40070614	3714
528	4	80150649	7425
530	2	40083594	3716
528	2	40061634	3713
530	2	240459027	22268
528	2	40084274	3713
530	2	40069844	3714
528	2	160296702	14848
532	4	40072229	3712
530	2	40085002	3716
533	3	40078635	3715
530	3	40072288	3709
532	2	40070858	3711
533	1	40080471	3711
528	5	80150423	7426
532	4	80148109	7413
528	4	80152850	7429
530	2	40062941	3715
535	5	80163106	7429
530	5	40069575	3712
533	3	40080086	3717
532	1	40071704	3719
533	1	40074694	3711
528	5	40074977	3714
533	5	80154187	7428
535	2	40070948	3712
532	3	40071612	3712
535	3	40085639	3714
530	5	40070565	3713
528	2	120225439	11138
530	2	40078825	3712
533	3	40073182	3715
530	3	80150403	7425
528	2	40074306	3709
526	2	40073303	3712
528	2	40079487	3710
530	2	40074659	3714
535	5	40076748	3711
532	3	40078180	3711
530	2	40067990	3711
533	3	40076404	3714
532	1	40069009	3714
528	4	80150552	7423
533	5	40083920	3714
532	1	40068220	3714
530	2	160299849	14848
528	2	40078710	3712
526	2	80155327	7422
530	4	40068766	3710
528	2	120227600	11141
533	5	40074776	3712
535	2	40074780	3712
533	2	40081061	3716
530	3	80149919	7422
528	2	80143179	7429
530	2	80149618	7426
533	3	160300938	14855
530	3	40088691	3715
528	2	160293190	14857
539	11	40079319	3713
543	4	40068671	3709
539	4	80159761	7426
541	2	40067332	3712
537	4	40075874	3713
539	2	120223351	11141
541	2	40081206	3712
532	9	40068377	3711
530	2	40085276	3713
533	3	80146798	7425
535	2	120225979	11146
537	2	40075287	3714
535	2	80147046	7429
541	6	40069339	3711
533	8	40084858	3712
535	2	160298402	14852
537	2	40076013	3714
535	2	40069496	3712
533	2	40082956	3717
537	4	40075797	3714
535	2	40066665	3714
537	2	40086930	3716
535	2	160293368	14853
532	3	80155440	7429
537	5	40068544	3713
539	2	40082612	3714
537	2	160299541	14858
535	2	160296793	14850
537	2	80157037	7426
536	1	40067899	3715
535	1	160304149	14854
532	3	40078920	3712
537	5	40067508	3710
532	5	40083067	3713
535	3	80142322	7424
533	2	40076061	3714
535	2	40076120	3713
537	2	40078801	3711
535	2	40077450	3714
537	2	40069594	3712
539	2	40077045	3714
537	2	40069431	3714
535	2	40087313	3712
533	2	40071895	3713
535	2	80141118	7430
539	4	40084626	3715
537	2	40067315	3712
541	4	40076664	3712
543	2	40076034	3712
541	2	40080854	3711
535	6	40069606	3708
537	2	80151896	7430
532	5	40075360	3715
537	5	120226213	11131
535	2	80144694	7426
532	3	40074430	3715
530	2	40079087	3713
535	5	40075225	3709
532	3	40077348	3712
535	3	40075229	3712
537	2	120220860	11142
539	2	40087505	3715
537	2	120217079	11137
535	2	120227081	11141
537	2	160300686	14851
535	2	120222694	11141
537	2	40082008	3715
535	2	40075754	3711
537	2	160296823	14850
541	4	40075602	3711
544	3	40077327	3715
541	3	40072354	3716
539	2	40072782	3716
537	2	40085363	3713
539	2	40072811	3713
541	2	160298339	14847
544	3	40078881	3713
546	2	40071153	3712
544	2	40075923	3712
541	3	40078574	3716
544	3	40075735	3713
539	5	280521340	25989
541	2	40084301	3715
539	2	40069265	3711
537	2	40071809	3715
539	2	80152936	7426
543	4	40077015	3711
541	2	40073010	3714
544	3	80147980	7427
541	3	120230271	11139
539	2	120230310	11138
544	5	40065972	3709
541	3	120228935	11141
543	2	40077717	3717
541	2	40075788	3712
552	11	40074389	3714
535	17	40077334	3715
537	2	40062816	3713
532	5	40080016	3715
533	1	40080231	3715
530	3	40076817	3715
535	5	80150286	7428
533	2	40073319	3710
537	4	80143646	7425
535	2	40079823	3714
530	5	40068809	3721
533	3	40083199	3725
532	1	40072233	3716
533	1	40074628	3718
530	3	40077000	3715
535	5	80145771	7422
537	2	40078024	3714
535	2	80151183	7429
533	2	40073161	3715
537	4	80150214	7431
535	2	40083012	3717
537	2	80152708	7431
535	2	200364614	18563
537	2	40079128	3713
539	2	40071159	3711
537	2	80149778	7425
535	2	40078459	3712
537	2	40075183	3711
533	4	40076803	3710
535	2	40071275	3711
533	2	40078418	3715
535	2	120223338	11124
532	3	40083724	3715
535	3	80152689	7425
533	2	40062979	3712
535	2	40083008	3716
537	2	80150195	7427
535	2	40075643	3711
537	2	40072991	3715
535	2	40069780	3712
532	3	40079446	3712
535	3	40077227	3711
533	2	40076319	3715
535	2	40076475	3716
532	3	40077294	3722
535	3	40071580	3719
533	2	40079633	3716
532	1	40072628	3714
533	1	40071887	3712
530	3	80154620	7428
532	2	40075888	3712
537	5	40075530	3713
535	2	80149200	7424
537	2	80151087	7425
535	2	40074885	3712
548	13	40076136	3712
541	7	40066090	3712
546	5	40087579	3710
544	2	40070740	3710
541	3	80147150	7425
544	3	40082440	3715
541	3	40066138	3710
544	3	40080131	3712
541	3	80152413	7424
544	3	160294297	14849
541	3	80153078	7427
543	2	160299625	14850
546	3	80158173	7426
541	5	120219246	11135
539	2	80153130	7431
541	2	40072211	3715
543	2	40075565	3714
541	2	40081155	3716
543	2	40068958	3714
541	2	80150186	7420
537	4	40077532	3712
539	2	40076749	3715
541	2	40075987	3714
548	7	40073967	3715
543	5	80149785	7421
541	2	40080990	3711
548	7	40064927	3712
541	7	40079365	3714
545	4	40071349	3713
537	8	40080110	3711
546	9	40077172	3714
539	7	40071262	3713
548	9	40076940	3716
546	2	40076325	3713
552	6	80141300	7425
550	2	40079182	3713
546	4	40077893	3713
550	4	40074270	3713
546	4	40077513	3712
548	2	40075584	3713
537	11	40079395	3713
541	4	40073011	3713
539	2	80144644	7422
537	2	40075690	3712
535	2	40076145	3712
537	2	160296699	14849
535	2	40079954	3715
539	4	40074801	3718
537	2	80145490	7424
535	2	40080518	3716
537	2	120228911	11140
535	2	80136555	7423
533	2	80166143	7424
532	1	80140632	7424
535	3	40087711	3716
541	6	40068872	3714
535	6	40073802	3712
537	2	40074725	3711
535	2	40079438	3714
537	2	40069282	3711
535	2	40077100	3716
541	6	40078924	3715
535	6	40072505	3713
537	2	40079274	3718
535	2	80142855	7434
533	2	80154606	7434
532	1	40078248	3713
535	3	40076318	3710
537	2	40074978	3714
540	3	40067876	3713
539	1	40080272	3715
535	4	40074423	3716
533	2	40080770	3713
535	2	40068950	3713
530	5	40081947	3714
532	2	40068358	3712
535	3	80146955	7425
537	2	40078567	3711
539	2	40074172	3714
535	4	40079590	3714
533	2	80154173	7441
535	2	80150587	7431
537	2	40067374	3712
539	2	40084260	3717
537	2	80147931	7423
535	2	80144810	7425
530	5	40080120	3711
535	5	40074014	3712
537	2	80152540	7429
535	2	40073940	3715
533	2	40069263	3713
535	2	80150924	7429
532	3	40074448	3712
535	3	40084844	3715
532	3	40062277	3710
530	2	40078700	3715
533	3	40074443	3715
530	3	40076671	3713
532	2	40074795	3709
535	3	40083292	3715
533	2	40070957	3710
532	1	40074216	3711
537	5	40074096	3712
535	2	80151261	7426
533	2	40067329	3712
526	7	80163846	7430
528	2	80151003	7427
530	2	120223330	11140
528	2	40073167	3711
526	2	120218629	11140
528	2	40080406	3717
530	2	40075809	3713
528	2	40079857	3718
530	2	80147659	7433
528	2	40069661	3709
526	2	80149261	7427
524	2	40077510	3713
526	2	40080828	3713
528	2	40075306	3712
532	4	40069059	3710
530	2	40077104	3713
533	3	40071684	3715
530	3	80153548	7428
528	2	40080696	3710
524	4	40076174	3711
526	2	40078858	3711
528	2	80149831	7429
526	2	40067161	3713
530	4	40082091	3722
528	2	40070647	3713
526	2	40078532	3716
528	2	40056795	3713
530	2	40094391	3716
528	2	40064091	3710
530	2	40083977	3710
533	3	80144892	7423
528	5	40073977	3711
526	2	120230607	11139
528	2	80147841	7426
526	2	80160628	7427
530	4	40064680	3710
526	4	40079010	3714
528	2	40070224	3714
530	2	40082200	3713
535	5	80153053	7432
533	2	40066056	3712
528	5	160303682	14849
530	2	80147175	7426
532	2	40081125	3710
528	4	40067421	3709
526	2	40080109	3712
528	2	160303571	14855
530	2	80152938	7426
532	2	80148633	7423
530	2	40074637	3714
528	2	40079192	3715
526	2	40067209	3709
528	2	80151387	7424
530	2	40073711	3711
528	2	40073174	3712
535	7	40079300	3717
533	2	40080018	3716
530	3	40078393	3712
528	2	120221447	11135
530	2	120221799	11137
533	3	40071713	3714
532	1	40082604	3711
530	2	40067187	3710
528	2	40085453	3709
526	2	120230779	11140
530	4	80143351	7427
528	2	40076985	3716
530	2	40069463	3714
528	2	40081702	3715
526	2	160300418	14859
528	2	80154398	7422
526	2	40061932	3716
528	2	40088510	3716
526	2	120211840	11142
528	2	120232246	11136
530	2	80151466	7430
532	2	80153882	7425
535	3	40072409	3709
533	2	120227911	11141
530	3	80147139	7424
532	2	40067903	3710
530	2	40080823	3717
528	2	40072013	3713
530	2	40082751	3712
532	2	40068343	3712
530	2	40085903	3712
528	2	80145963	7423
533	5	80151752	7427
530	3	80153291	7425
535	5	40065683	3714
533	2	40079493	3715
532	1	40072620	3713
528	4	80150402	7423
530	2	160302176	14856
535	5	80153154	7424
533	2	120221566	11140
528	5	120227686	11145
530	2	40077142	3716
528	2	40071689	3711
526	2	120233038	11140
528	2	40066020	3711
526	2	40081294	3714
528	2	120221845	11147
530	2	320598098	29703
528	2	40088016	3713
530	2	120218128	11136
528	2	40076556	3712
530	2	40067708	3712
526	4	120234758	11142
528	2	40071408	3713
530	2	40074831	3718
528	2	40071353	3712
530	2	40078630	3712
533	3	40075737	3711
530	3	40073430	3711
528	2	80156580	7428
526	2	40075716	3712
530	4	80148391	7425
528	2	40075475	3713
530	2	80152940	7423
528	2	120224157	11140
530	2	40079308	3713
528	2	80146299	7429
530	2	80147547	7426
528	2	120222724	11139
526	2	40081446	3715
528	2	40075180	3712
530	2	80147360	7424
528	2	80146006	7422
526	2	120233260	11149
524	2	40071470	3714
528	4	40076142	3711
526	2	40081460	3714
528	2	160298699	14851
526	2	40079464	3715
528	2	40062792	3714
530	2	40086389	3714
533	3	80145071	7426
532	1	40076171	3709
528	4	80146144	7426
526	2	160301557	14857
528	2	40074796	3711
526	2	40075544	3713
528	2	120232493	11135
526	2	40074907	3714
522	4	40072704	3713
526	4	40076786	3714
528	2	240450565	22279
526	2	40078667	3715
524	2	80147162	7425
526	2	40076622	3713
530	4	40079151	3712
528	2	40069421	3713
530	2	40074007	3711
533	3	40076515	3714
528	5	80152723	7424
526	2	40071086	3714
528	2	80153813	7427
530	2	40072312	3714
528	2	80149806	7423
526	2	40078650	3715
524	2	80149277	7425
526	2	40074274	3715
528	2	40082183	3717
526	2	40067720	3710
528	2	200380255	18565
526	2	40065190	3711
528	2	40086702	3715
526	2	40069035	3716
528	2	240456101	22275
539	11	40076138	3713
528	11	160297945	14853
530	2	120221400	11142
528	2	40080624	3711
530	2	40069374	3711
532	2	40075925	3714
530	2	40072665	3712
528	2	160301578	14857
524	4	40086934	3713
526	2	40067029	3710
528	2	40079686	3712
530	2	80148440	7427
528	2	40075493	3715
530	2	40078932	3714
537	7	40063945	3710
530	7	40087083	3715
528	2	40066360	3712
530	2	80153397	7427
528	2	40075563	3713
530	2	40075771	3711
533	3	40080647	3717
535	2	80143877	7434
530	5	120229292	11149
528	2	40071876	3711
530	2	200373400	18558
533	3	80157509	7426
528	5	80141048	7405
526	2	40082205	3712
528	2	40071060	3712
530	2	40082337	3715
528	2	40073624	3713
533	5	40077464	3714
532	1	80147277	7426
530	2	40073427	3713
528	2	40074689	3713
530	2	160305087	14849
533	3	40067793	3714
530	3	40076889	3711
528	2	80157892	7427
526	2	80148417	7429
528	2	40073354	3714
530	2	120228249	11136
528	2	40072214	3709
526	2	80154893	7419
528	2	40070665	3711
526	2	80148529	7427
528	2	40085432	3714
526	2	40065463	3715
530	4	40074686	3715
526	4	40074880	3712
528	2	80160084	7426
530	2	80140682	7420
528	2	40075380	3714
526	2	80156591	7429
524	2	80149672	7426
528	4	120222490	11135
530	2	160300515	14855
528	2	40073925	3712
526	2	80155229	7427
530	4	40076493	3719
528	2	40076155	3719
530	2	200374989	18567
526	4	40075790	3713
528	2	40074603	3710
530	2	80148621	7422
533	3	40070650	3715
530	3	40076233	3715
528	2	80152887	7429
530	2	40072208	3712
528	2	40081153	3716
535	7	40067712	3712
539	4	40082432	3714
535	4	40072160	3713
533	2	40080712	3712
532	1	40074139	3710
535	3	200383798	18565
537	2	40058910	3715
535	2	40087340	3718
537	2	120219603	11145
539	2	40080139	3715
537	2	40063705	3711
535	2	80151771	7425
530	5	80158521	7436
532	2	40079142	3717
528	4	40071240	3713
530	2	80144662	7425
528	2	120226825	11140
526	2	40078840	3715
528	2	80145546	7418
530	2	80153130	7426
535	5	40076792	3712
533	2	40072662	3711
530	3	80146754	7430
535	5	40080092	3712
533	2	40076896	3714
530	3	40080257	3714
532	2	40071561	3713
530	2	40070208	3711
528	2	120231322	11139
530	2	40070637	3712
533	3	80158826	7425
528	5	120222068	11139
526	2	40076581	3712
521	5	40068636	3714
526	5	160299533	14856
528	2	120226230	11140
526	2	40076676	3713
528	2	40077818	3711
526	2	40068273	3711
532	6	40083918	3715
528	4	40075571	3715
530	2	40068906	3714
528	2	160301136	14853
526	2	80159613	7431
528	2	40070052	3713
530	2	80150094	7431
528	2	40074782	3712
530	2	40079365	3714
532	2	40071877	3715
528	4	40069273	3710
526	2	40085118	3715
524	2	40066681	3715
526	2	80148242	7428
528	2	40080880	3713
526	2	80150043	7425
528	2	40078239	3715
526	2	40073827	3715
522	4	40079206	3713
524	2	40077343	3711
526	2	80149124	7421
528	2	40067385	3713
526	2	40083183	3714
528	2	160295521	14847
530	2	40074441	3715
533	3	40076645	3711
528	5	40075113	3714
526	2	40074387	3712
530	4	40077847	3712
528	2	80151992	7424
526	2	40074507	3714
533	7	40071343	3713
535	2	40075700	3712
533	2	40070657	3710
530	3	40078548	3712
533	3	40080907	3712
530	3	40075327	3714
526	4	80153637	7427
528	2	120213550	11138
526	2	80158375	7428
528	2	40071948	3713
526	2	80154998	7426
528	2	120215318	11133
526	2	80157041	7425
528	2	40081038	3716
526	2	40065304	3710
528	2	40085856	3715
526	2	40067995	3713
524	2	80147661	7427
526	2	80154568	7424
528	2	40074372	3713
526	2	80156978	7426
528	2	80148811	7426
526	2	80147994	7424
528	2	40077050	3714
530	2	40071962	3710
528	2	40073216	3714
526	2	80147113	7421
528	2	40081001	3714
526	2	40074368	3713
524	2	40072925	3712
526	2	40077436	3713
530	4	80149778	7427
532	2	40076296	3716
530	2	120222895	11144
526	4	80149909	7428
528	2	40081409	3715
530	2	40074352	3716
528	2	80152426	7424
530	2	80144844	7428
526	4	80149283	7422
530	4	40084634	3713
532	2	40066095	3712
530	2	40076858	3715
528	2	120226782	11140
526	2	40073306	3712
524	2	40079909	3713
526	2	40070833	3712
528	2	80158658	7434
530	2	80146346	7429
528	2	40074241	3713
526	2	40080029	3712
524	2	120215870	11139
526	2	80148350	7429
528	2	80156085	7427
526	2	40081988	3714
528	2	80142720	7435
524	4	40071307	3713
526	2	40087271	3716
528	2	120224367	11140
526	2	40072323	3714
528	2	40075720	3714
530	2	120227050	11138
528	2	40067813	3713
530	2	80155455	7428
528	2	80145221	7428
530	2	80155439	7425
528	2	80142682	7423
530	2	200382216	18575
528	2	40080009	3716
530	2	40081096	3714
528	2	40063539	3712
530	2	40078637	3714
528	2	120220048	11141
535	7	80156750	7426
532	3	40070837	3715
535	3	40080788	3716
533	2	120225261	11146
532	1	40070548	3713
530	2	40086813	3711
533	3	80144225	7428
535	2	40075120	3711
537	2	40075146	3712
535	2	40071635	3711
530	5	40079853	3716
532	2	40066751	3710
533	1	40082310	3717
528	5	40073209	3719
533	5	40080683	3713
535	2	80147875	7425
537	2	40074229	3714
535	2	240444116	22280
537	2	80158721	7423
535	2	80146212	7427
537	2	40076941	3714
535	2	40075032	3714
537	2	40075329	3718
533	4	80146916	7439
530	3	160311119	14855
533	3	80150309	7424
537	4	40069505	3716
535	2	40071372	3712
533	2	40077355	3711
535	2	40081290	3714
533	2	40065247	3712
528	5	80154664	7431
530	2	40081473	3718
532	2	80144770	7427
530	2	40072660	3712
533	3	40079469	3714
532	1	40068546	3712
530	2	80152273	7427
532	2	40077417	3716
533	1	40079634	3714
535	2	40075558	3715
532	3	40075127	3712
533	1	160300360	14845
532	1	40074714	3711
533	1	80146273	7424
532	1	40076119	3715
533	1	200384362	18562
532	1	40071266	3709
535	3	40077165	3712
532	3	40069769	3710
530	2	120227136	11138
532	2	40074692	3714
530	2	40074120	3711
533	3	40078586	3714
535	2	80145132	7426
532	3	40082294	3712
533	1	80150203	7424
535	2	40069796	3713
532	3	40074691	3713
535	3	40080130	3713
537	2	40070917	3712
539	2	40078364	3712
537	2	200373604	18560
530	7	120220964	11133
533	3	80155653	7431
530	3	40083374	3715
532	2	40069663	3714
530	2	40076567	3715
526	4	120223343	11139
528	2	120227720	11141
532	4	80146976	7422
528	4	40070312	3712
526	2	40083028	3712
528	2	40077317	3712
530	2	40077874	3706
528	2	80148086	7417
530	2	40074070	3710
528	2	200379768	18560
530	2	40069119	3713
528	2	80144519	7417
526	2	160304157	14857
528	2	120232028	11138
530	2	200369792	18568
528	2	40083663	3718
526	2	40072186	3716
524	2	40077121	3713
526	2	40068200	3712
528	2	40079501	3715
530	2	40071028	3710
528	2	40078599	3711
530	2	80152949	7423
528	2	40072731	3712
525	3	40078253	3715
528	3	80144969	7427
526	2	80159434	7432
528	2	40071311	3716
526	2	80146292	7426
522	4	40074981	3715
535	13	40078159	3712
526	9	80148885	7427
528	2	80147479	7427
526	2	40084953	3714
528	2	40064912	3710
524	4	40082399	3713
528	4	40073269	3714
530	2	40071770	3714
528	2	40075128	3716
526	2	240458002	22283
528	2	40070640	3713
530	2	40073851	3713
528	2	40082867	3717
530	2	40071238	3710
528	2	80152814	7425
526	2	80144635	7425
528	2	80152354	7427
526	2	120222934	11145
524	2	40077819	3718
526	2	80152934	7431
524	2	40080013	3715
526	2	160295502	14848
524	2	40074696	3714
526	2	40076788	3716
528	2	40069878	3716
526	2	160307397	14857
524	2	80143109	7404
522	2	40084882	3713
526	4	280518415	25994
521	5	40080460	3713
526	5	80149240	7423
528	2	80148165	7426
530	2	80149101	7426
528	2	80149619	7431
526	2	160300543	14849
530	4	40071847	3710
528	2	240456547	22269
526	2	40080885	3713
528	2	80146471	7426
526	2	80152641	7429
528	2	40067431	3712
526	2	120236168	11138
528	2	40074330	3711
526	2	40068954	3712
521	5	40074671	3711
524	3	40078210	3712
521	3	40074194	3713
524	3	80150692	7425
526	2	40082440	3714
528	2	40072653	3711
526	2	160294950	14866
528	2	40085285	3716
530	2	80145784	7430
528	2	120223772	11143
526	2	40071886	3715
528	2	80152770	7435
533	5	120222155	11144
530	3	80157031	7425
528	2	80151551	7419
526	2	80147186	7420
528	2	40079567	3712
526	2	40069046	3711
528	2	160300102	14858
526	2	80148839	7423
528	2	120233997	11143
530	2	40068552	3715
528	2	80152866	7433
530	2	40080522	3718
528	2	40071618	3716
524	4	40075142	3713
526	2	40075175	3711
528	2	120228358	11141
526	2	40067222	3712
530	4	40082864	3711
528	2	80152234	7423
526	2	40071284	3711
528	2	40075326	3712
530	2	40067485	3711
528	2	40083940	3713
526	2	120218484	11147
524	2	40077538	3714
526	2	80153502	7427
528	2	40068786	3712
526	2	40083540	3713
524	2	40073702	3713
526	2	80147067	7428
524	2	80149795	7426
526	2	120231546	11144
528	2	120224712	11137
526	2	160297929	14852
528	2	80151241	7426
526	2	40073036	3715
524	2	120225925	11141
526	2	120234704	11151
528	2	80145912	7427
526	2	40074130	3713
524	2	40073446	3713
526	2	80155666	7425
530	4	40071353	3712
526	4	120226413	11137
530	4	40074069	3710
528	2	40077271	3712
526	2	40073532	3711
524	2	40075446	3715
526	2	40070487	3712
528	2	40084204	3713
526	2	40067820	3712
528	2	40081626	3713
535	7	40068243	3711
530	5	40079448	3715
533	3	40071876	3712
530	3	40077968	3716
532	2	40078368	3714
528	4	40077755	3713
530	2	40073126	3711
528	2	80147162	7426
533	5	120231239	11141
530	3	40068705	3710
528	2	40077335	3710
530	2	40070968	3712
526	4	80147308	7421
524	2	40080841	3713
528	4	80150248	7430
530	2	40079448	3713
528	2	80147797	7426
530	2	40077812	3716
528	2	160297283	14863
530	2	80158707	7423
528	2	40061991	3713
530	2	80150914	7429
526	4	40084425	3714
528	2	40068247	3711
526	2	40082757	3712
530	4	40069772	3714
528	2	40082329	3716
530	2	80148635	7429
535	5	40073433	3715
532	3	40071813	3712
533	1	40084441	3710
528	5	40073067	3713
539	11	40066857	3710
535	4	40086016	3713
537	2	40069333	3713
532	5	40076763	3712
535	3	40071509	3715
532	3	40074465	3713
535	3	40079976	3721
533	2	40070372	3713
537	4	80149770	7428
535	2	80154074	7432
537	2	40073704	3713
533	4	40081735	3717
535	2	120222665	11149
539	4	40073835	3713
537	2	160305266	14864
535	2	40066470	3716
526	9	40077337	3714
530	4	40070140	3715
528	2	40082809	3715
533	5	40067386	3716
530	3	80159359	7431
528	2	80145219	7429
524	4	40082851	3718
528	4	280518364	26000
530	2	120235003	11142
532	2	40063775	3713
533	1	40087354	3713
530	3	80148838	7432
528	2	40064745	3713
530	2	120237657	11140
526	4	40070653	3712
532	6	40070628	3714
528	4	40074652	3712
524	4	40082428	3715
526	2	80145997	7423
528	2	120228479	11140
526	2	40077323	3721
530	4	40069371	3715
528	2	40075553	3717
526	2	80152721	7427
530	4	160298955	14850
528	2	40075966	3717
533	5	40078327	3715
530	3	40069093	3714
528	2	40079909	3717
533	5	40068619	3716
532	1	80159482	7427
530	2	40074042	3712
533	3	40074149	3715
530	3	80146486	7424
528	2	80152178	7424
530	2	80153713	7422
528	2	80152406	7423
530	2	40072308	3714
528	2	80150865	7424
530	2	40069568	3714
528	2	80152724	7427
526	2	40090343	3715
528	2	80138084	7426
530	2	40074109	3711
528	2	40075657	3710
530	2	40073079	3709
528	2	40079098	3712
526	2	200370650	18562
528	2	40085675	3717
533	5	40070905	3713
530	3	80144276	7426
528	2	80158638	7428
530	2	40072687	3713
528	2	80153490	7423
546	18	40068025	3713
541	5	40073374	3711
535	6	40080456	3716
537	2	40070586	3713
541	4	80157737	7426
550	9	80141285	7423
559	9	40076728	3714
561	2	40079510	3717
568	7	40072699	3713
563	5	40070907	3710
579	16	40074870	3711
583	4	80158750	6607
588	5	40083145	2471
585	3	40068644	2471
579	6	40081981	2469
577	2	40063332	2469
572	5	120235002	7413
570	2	80152541	4941
574	4	40066378	2467
572	2	80149543	4939
574	2	40075050	2470
572	2	40082468	2470
570	2	40079587	2469
568	2	120206460	7406
566	2	40090095	2469
563	3	40069725	2468
565	2	40070900	2468
568	3	40085639	2469
567	1	40065843	2468
570	3	40088140	2469
565	5	40070161	2470
568	3	40074350	2470
570	2	40069076	2469
568	2	40072313	2470
572	4	40087466	2471
570	2	80142733	4938
568	2	40074969	2471
565	3	40088980	2471
568	3	40065956	2469
570	2	40079924	2470
572	2	40072376	2468
570	2	120221423	7406
568	2	40070734	2471
565	3	40083204	2472
568	3	40073106	2471
570	2	80146391	4939
565	5	40080966	2470
568	3	40065532	2468
570	2	80159283	4940
568	2	80143266	4940
570	2	40078905	2469
568	2	40072404	2469
566	2	40089713	2470
563	3	80138901	4942
568	5	40075204	2470
570	2	80157486	4939
559	11	40084265	2472
550	9	120214763	7556
541	9	40072733	3716
548	7	80149778	7425
541	7	40078129	3712
544	3	80142073	7424
541	3	40085468	3715
543	2	40068383	3712
544	1	40075183	3717
541	3	120229741	11142
537	4	40079382	3722
535	2	40063249	3713
533	2	40084120	3713
530	3	40071611	3713
528	2	40080653	3714
526	2	40065028	3711
528	2	40087077	3716
530	2	40068859	3715
528	2	40082182	3716
533	5	40068603	3714
528	5	40074427	3714
526	2	120222497	11137
524	2	40081780	3712
526	2	40073663	3709
528	2	40075780	3716
530	2	80155459	7425
528	2	120222769	11136
524	4	40070366	3714
526	2	40074001	3711
530	4	40081370	3716
533	3	40065172	3713
530	3	40088315	3716
528	2	80148855	7421
526	2	40067152	3712
524	2	40076090	3715
521	3	40071232	3712
524	3	40081052	3717
526	2	40077085	3712
528	2	80148881	7425
526	2	40074561	3711
528	2	40080003	3711
526	2	40072356	3711
521	5	80147665	7420
522	1	40077958	3714
524	2	40079152	3714
526	2	120217225	11130
528	2	80153406	7425
526	2	80155402	7423
528	2	80143178	7427
526	2	160301010	14850
524	2	40081253	3716
526	2	40071436	3716
524	2	40082173	3717
526	2	40065597	3713
539	13	40084639	3716
528	11	80146573	7424
530	2	80149228	7430
528	2	80152213	7428
526	2	40072808	3712
530	4	40082785	3712
532	2	40066592	3709
528	4	40075835	3715
526	2	40070735	3715
528	2	200386501	18573
530	2	40066374	3713
526	4	80157547	7428
528	2	40073376	3719
526	2	80155035	7427
524	2	80150494	7440
528	4	40068753	3711
524	4	40075439	3710
526	2	40070605	3715
528	2	80149691	7435
526	2	120230725	11137
528	2	80148530	7427
526	2	40066056	3710
530	4	40091549	3712
532	2	40072993	3712
528	4	40079636	3717
530	2	160296150	14849
528	2	40067314	3710
530	2	120237145	11112
528	2	40068380	3709
530	2	40082991	3711
528	2	40064293	3712
530	2	40084143	3713
528	2	40071198	3712
530	2	200383950	18572
526	4	40069814	3711
528	2	40077732	3712
526	2	40071317	3711
524	2	40075601	3714
526	2	80154130	7430
524	2	40066513	3710
526	2	120231404	11132
528	2	40075954	3714
526	2	120226256	11138
528	2	40069625	3712
533	5	40079578	3716
530	3	40072168	3715
544	14	40074364	3714
539	5	80154014	7427
535	4	120219960	11150
537	2	40080541	3713
535	2	40078454	3710
533	2	200372098	18568
535	2	40072428	3711
537	2	120228058	11145
533	4	40072899	3710
537	4	80150221	7421
535	2	40083911	3713
530	5	40067107	3712
535	5	40085737	3713
537	2	40065183	3713
535	2	80147756	7426
537	2	80152482	7426
532	5	40082847	3712
530	2	160295107	14850
532	2	40072081	3711
533	1	200385679	18576
535	2	200376969	18564
537	2	80141122	7426
539	2	80149832	7428
537	2	40083342	3715
541	4	40076064	3715
537	4	40072651	3717
544	7	40073828	3713
541	3	40081786	3714
546	5	80142017	7430
541	5	80154219	7426
535	6	80153451	7424
530	5	40065857	3712
528	2	80151766	7424
530	2	80155429	7430
528	2	40074857	3715
526	2	40069721	3712
528	2	40087136	3713
530	2	40061864	3709
528	2	120227855	11131
530	2	240462679	22259
526	4	80141389	7427
528	2	80150885	7422
526	2	40070251	3710
528	2	40084312	3710
526	2	160294974	14850
528	2	80158320	7420
526	2	40072921	3710
524	2	160301301	14853
526	2	40079727	3713
530	4	40068664	3714
528	2	80150432	7422
530	2	40077936	3710
528	2	40072526	3711
526	2	80152731	7422
528	2	160296559	14853
530	2	40077534	3717
528	2	120228102	11141
530	2	40074331	3711
528	2	40072992	3715
530	2	40075827	3710
528	2	80148053	7422
530	2	40075270	3715
528	2	40075833	3714
526	2	80158816	7424
528	2	80147053	7434
530	2	40076046	3715
528	2	160296674	14860
526	2	200377394	18569
528	2	80147943	7425
524	4	120230286	11138
526	2	160292891	14851
530	4	40078677	3715
524	6	40080311	3700
528	4	40073894	3695
526	2	40071340	3694
530	4	40076230	3695
528	2	200381444	18474
526	2	80147534	7393
530	4	40078378	3695
526	4	40071046	3711
530	4	40077784	3716
526	4	80147701	7426
522	4	40078587	3716
530	8	40075977	3713
524	6	40065972	3715
532	8	40079853	3714
524	8	40079176	3710
530	6	40078620	3711
528	2	40066084	3710
532	4	40079075	3712
526	6	40077088	3712
532	6	40079378	3715
528	4	40068644	3710
530	2	40081715	3714
524	6	40068541	3713
530	6	40080091	3712
524	6	40069087	3707
530	6	40080143	3711
524	6	40074956	3709
528	4	40073033	3714
526	2	40076955	3712
537	11	40071884	3713
528	9	40081919	3716
526	2	40065792	3712
528	2	80159176	7428
526	2	40068812	3708
524	2	40085569	3718
526	2	40061159	3709
533	7	40086657	3712
528	5	80147389	7437
526	2	160296525	14855
529	3	40079080	3714
530	1	240451451	22281
526	4	80145359	7426
528	2	120232419	11141
530	2	40066712	3712
533	3	40080298	3714
530	3	120229278	11139
528	2	40075228	3712
526	2	40065550	3710
528	2	80153197	7428
530	2	40079157	3714
528	2	80147584	7425
530	2	80155625	7425
528	2	40066578	3712
526	2	120231934	11139
524	2	40068833	3712
526	2	40081114	3716
528	2	40069929	3710
530	2	40082302	3713
528	2	40070671	3714
526	2	200377454	18566
528	2	40074347	3711
530	2	40077194	3711
528	2	40072720	3710
530	2	40085606	3715
528	2	40071337	3712
530	2	40075620	3713
528	2	80150891	7429
531	3	40066394	3720
533	2	80151439	7427
530	3	40078243	3713
532	2	40070310	3712
530	2	40081788	3712
528	2	80154636	7422
526	2	40069806	3710
528	2	40076087	3711
526	2	40072257	3710
528	2	80153182	7423
530	2	40072704	3714
528	2	40079098	3713
526	2	240443350	22277
530	4	40084036	3717
528	2	120218851	11149
530	2	40087542	3717
526	4	40069897	3715
528	2	40073122	3711
530	2	80157881	7425
526	4	40061207	3710
528	2	80152425	7429
532	4	40081411	3717
530	2	120218880	11137
533	3	40078009	3711
530	3	80150174	7424
528	2	80150943	7425
526	2	40079169	3714
524	2	40077296	3713
526	2	80149113	7428
528	2	160300836	14850
526	2	40068749	3713
530	4	200381404	18574
528	2	320598648	29704
530	2	80154449	7430
526	4	80155961	7426
524	2	80145932	7432
526	2	40074017	3714
530	4	120226839	11140
528	2	80154134	7429
530	2	80151174	7428
526	4	40071661	3713
528	2	40072792	3714
532	4	40075958	3711
530	2	120222546	11140
528	2	40076189	3712
530	2	120227095	11153
532	2	40068565	3712
530	2	80156875	7420
526	4	40074380	3713
528	2	40076181	3712
526	2	40079596	3711
528	2	80150859	7422
530	2	120217221	11141
528	2	40083116	3714
532	4	40072508	3714
530	2	40076906	3712
528	2	80147503	7425
530	2	80151594	7431
528	2	160304907	14855
530	2	40078334	3713
528	2	200371109	18581
530	2	40069605	3713
533	3	40082473	3713
528	5	80149443	7424
524	4	40072144	3713
526	2	40078196	3714
524	2	40067511	3709
526	2	40086573	3714
528	2	160295311	14855
530	2	40077368	3714
526	4	80141649	7426
528	2	40083259	3713
530	2	40076571	3711
533	3	40068272	3713
528	5	200376404	18578
526	2	40085073	3713
530	4	40063614	3712
528	2	80149965	7429
530	2	40084354	3714
532	2	40075667	3709
528	4	80139938	7423
526	2	40087700	3712
524	2	40068316	3713
530	6	40080669	3715
526	4	120215421	11141
528	2	160306752	14856
530	2	40077813	3711
533	3	40066468	3712
530	3	160308435	14852
528	2	40078224	3712
530	2	80148721	7425
528	2	320606715	29708
530	2	40065753	3713
528	2	80155335	7428
530	2	40076425	3713
533	3	40073136	3714
530	3	40072116	3714
528	2	80159006	7429
526	2	120217191	11139
530	4	40075555	3713
541	11	40076667	3714
533	8	40073523	3712
535	2	40071989	3713
537	2	40086466	3717
530	7	40071923	3713
528	2	40076715	3713
526	2	40072124	3715
528	2	80148087	7429
526	2	40074286	3714
528	2	40072888	3716
530	2	40078502	3717
528	2	40070051	3712
530	2	40087754	3712
528	2	40063720	3710
530	2	40079530	3712
528	2	80158053	7428
526	2	40068878	3713
528	2	80154172	7426
526	2	40078266	3715
528	2	40062351	3712
526	2	40080167	3714
530	4	40079501	3715
528	2	40072603	3713
526	2	40074983	3712
528	2	40076595	3711
530	2	40073028	3717
528	2	40078642	3715
526	2	40072960	3712
528	2	40080286	3715
526	2	40074057	3715
528	2	40071033	3712
530	2	80150968	7429
532	2	80156143	7425
530	2	80141912	7433
528	2	40073265	3716
526	2	40082302	3715
524	2	40072717	3711
526	2	120229282	11140
528	2	40069041	3683
530	2	40085576	3710
528	2	200366482	18560
526	2	120233523	11142
530	4	40066274	3712
528	2	40086069	3717
526	2	40070544	3711
528	2	40074148	3711
530	2	80151467	7433
528	2	40068743	3713
530	2	40079886	3714
526	4	200372015	18570
528	2	80151943	7427
530	2	80147559	7440
528	2	40078036	3717
526	2	80152062	7423
528	2	40074650	3713
530	2	80155837	7429
533	3	40072962	3713
532	1	80152108	7427
530	2	80148148	7429
526	4	120221255	11136
530	4	80157358	7423
528	2	40074953	3713
530	2	80149768	7424
528	2	120226663	11147
530	2	160295252	14845
533	3	40078091	3712
535	2	80152223	7424
528	7	80145475	7438
530	2	80160536	7429
528	2	40070000	3711
526	2	40073030	3712
528	2	80156138	7428
526	2	40068033	3710
528	2	40082927	3712
530	2	40072067	3711
535	5	40073562	3714
533	2	40072610	3714
530	3	40080542	3715
533	3	40069329	3716
530	3	40084749	3714
528	2	40065392	3712
526	2	40080850	3716
528	2	80153897	7434
530	2	40071282	3715
535	5	40072307	3714
533	2	40069775	3715
532	1	40085610	3716
530	2	40067490	3714
526	4	40084532	3716
528	2	40073157	3714
530	2	200375958	18559
528	2	80147598	7427
530	2	40069518	3713
528	2	80153092	7424
530	2	40080396	3715
533	3	80146486	7429
530	3	40078722	3713
533	3	40079709	3714
530	3	40062963	3712
528	2	200380934	18575
524	4	40078960	3717
526	2	160304399	14853
528	2	40071737	3711
532	4	40072585	3715
528	4	80149740	7428
530	2	40076210	3713
528	2	40077050	3714
530	2	40081071	3719
526	4	80144053	7426
528	2	40074318	3713
535	7	40073323	3715
530	5	80152504	7429
528	2	80151228	7422
526	2	80154490	7422
528	2	160297071	14849
530	2	40076208	3711
528	2	40071817	3709
526	2	80156373	7425
528	2	40072882	3714
526	2	40074284	3711
528	2	40073126	3711
526	2	40083659	3709
528	2	160292795	14846
535	7	40074589	3714
526	9	40075865	3718
530	4	40079747	3710
528	2	120225659	11131
526	2	80146264	7425
528	2	40073393	3712
530	2	40082677	3711
528	2	120224106	11137
530	2	40076279	3708
526	4	40068868	3707
524	2	80148430	7419
526	2	40083071	3710
528	2	40065642	3708
526	2	80156789	7417
524	2	80153152	7422
522	2	40078794	3714
524	2	40070772	3708
521	3	40073316	3715
524	3	40069923	3714
526	2	80154230	7421
528	2	80146413	7420
526	2	80154046	7426
528	2	40082915	3711
526	2	40071913	3713
524	2	40078107	3713
522	2	40070600	3711
524	2	40080564	3713
526	2	240446146	22271
524	2	40074921	3713
526	2	120225855	11142
524	2	80149643	7422
526	2	40070825	3710
524	2	40081268	3716
528	4	40071937	3716
524	4	40083460	3714
528	4	40069128	3714
526	2	40081248	3713
535	9	40064047	3713
524	11	40087375	3714
533	9	40063529	3713
522	11	40079337	3712
532	10	40074460	3714
528	4	40081323	3712
544	16	40065039	3711
528	16	40083584	3712
535	7	40073935	3711
530	5	40081690	3716
532	2	40067282	3713
526	6	40077072	3715
528	2	240455281	22282
530	2	40073022	3714
526	4	80141702	7426
528	2	80158623	7433
526	2	40076094	3717
530	4	40072675	3711
526	4	40079333	3715
530	4	40072664	3719
526	4	40078660	3718
530	4	40065211	3711
528	2	40087305	3714
530	2	40067376	3714
526	4	80144491	7428
530	4	40083372	3712
532	2	40074245	3712
530	2	80147824	7420
526	4	80154119	7422
521	5	40077741	3712
526	5	40073263	3713
528	2	80143053	7426
526	2	120235844	11142
524	2	80145987	7422
521	3	40076827	3712
524	3	40080516	3711
526	2	40069695	3714
524	2	160296752	14853
526	2	40077585	3714
530	4	40067302	3713
526	4	40089922	3713
528	2	160296506	14854
530	2	40070236	3713
526	4	40084907	3716
524	2	40068398	3711
526	2	40077657	3710
528	2	200370218	18570
526	2	40078407	3718
528	2	120221950	11143
526	2	40079757	3714
528	2	40073751	3710
530	2	40078450	3715
528	2	120219718	11137
526	2	80149418	7425
528	2	40085184	3717
524	4	80152088	7431
526	2	40069468	3714
524	2	160299926	14851
526	2	40079395	3717
530	4	40066619	3710
526	4	80149586	7425
524	2	40081610	3715
521	3	40069997	3713
524	3	120231966	11144
528	4	120223800	11135
526	2	160301580	14847
521	5	40075602	3712
526	5	80150614	7422
528	2	40074399	3711
526	2	80152610	7427
524	2	40077368	3714
526	2	40065987	3712
524	2	80157584	7424
528	4	80150590	7427
526	2	80151652	7426
528	2	80148045	7426
526	2	40076642	3715
524	2	40074237	3709
526	2	40072634	3714
530	4	40076550	3714
533	3	40082797	3717
528	5	40071246	3714
530	2	40074502	3715
528	2	40066781	3712
526	2	40088788	3714
521	5	80141541	7424
526	5	80151691	7428
524	2	40073136	3714
526	2	200382368	18565
528	2	40067404	3710
524	4	120230145	11143
526	2	40075466	3719
524	2	40080446	3710
526	2	40065371	3716
528	2	80151185	7424
526	2	120235144	11135
528	2	40069870	3713
526	2	40080216	3713
524	2	80148613	7423
526	2	40074942	3713
528	2	40069804	3714
526	2	40077972	3715
524	2	40073880	3713
528	4	80152312	7425
526	2	80153613	7425
528	2	40075738	3714
526	2	40073616	3719
524	2	40065685	3718
526	2	40087592	3714
524	2	80150711	7428
526	2	40073265	3715
524	2	40077534	3718
526	2	40069314	3711
528	2	40081555	3709
526	2	80145112	7425
528	2	40075634	3713
533	5	40076383	3717
528	5	40068375	3711
526	2	40079047	3714
528	2	40075822	3714
530	2	40074942	3717
528	2	40071741	3714
526	2	120240079	11145
524	2	80139852	7425
528	4	40078099	3711
530	2	80148490	7428
528	2	40071489	3712
530	2	40075316	3710
528	2	80156003	7423
526	2	120229521	11139
528	2	160293809	14852
526	2	40072716	3713
522	4	40078081	3712
524	2	120222952	11137
526	2	40079999	3713
528	2	80152404	7427
526	2	160297475	14851
524	2	40070952	3710
526	2	40077882	3716
528	2	40075597	3716
530	2	80151214	7427
526	4	40077972	3712
528	2	40074868	3711
526	2	40075948	3714
528	2	200374675	18562
526	2	120227591	11139
528	2	80156293	7423
526	2	80140867	7427
528	2	40077730	3717
526	2	120231825	11135
528	2	80141547	7428
526	2	40079665	3715
524	2	80150654	7424
526	2	120227820	11144
528	2	80152576	7426
526	2	200369546	18573
535	9	40079778	3717
526	9	40073651	3717
528	2	40071847	3711
526	2	40076294	3713
528	2	80146594	7427
526	2	80149252	7430
528	2	40086426	3716
526	2	40072015	3711
528	2	40071835	3713
526	2	40077423	3713
530	4	120227352	11134
526	4	80149909	7427
528	2	40071099	3712
524	4	120225352	11148
528	4	40078110	3721
526	2	40080115	3717
524	2	40066544	3714
528	4	40078831	3715
526	2	40073004	3712
528	2	160303677	14864
524	4	80142160	7434
526	2	80158425	7425
528	2	40080997	3717
530	2	40069388	3716
528	2	80153594	7427
533	5	40073167	3714
535	2	40069503	3714
530	5	80155269	7424
528	2	40075152	3713
530	2	40069784	3710
535	5	40081913	3715
532	3	40066536	3713
530	2	40083726	3694
528	2	40074319	3713
530	2	40074648	3712
526	4	40076422	3712
528	2	80151522	7426
530	2	40074829	3714
533	3	40060832	3712
530	3	40093150	3716
528	2	40071371	3711
532	4	40083033	3712
533	1	40066621	3712
532	1	40072829	3714
535	3	80149077	7422
537	2	80153865	7425
535	2	400754422	37146
532	3	40073909	3714
530	2	40077477	3714
532	2	40065384	3716
530	2	40082946	3716
533	3	40075617	3715
535	2	80143154	7433
532	3	40085251	3716
528	4	40066245	3713
532	4	40084581	3715
530	2	40065290	3714
533	3	80159822	7431
535	2	40071304	3712
537	2	40076831	3715
533	4	120230017	11141
535	2	40070015	3711
532	3	40074950	3713
530	2	40071327	3716
533	3	40078772	3714
535	2	40075152	3711
537	2	40075194	3711
535	2	80148914	7426
533	2	40077052	3712
530	3	120225720	11143
535	5	40076063	3715
533	2	40075376	3715
537	4	40068009	3711
535	2	80150260	7422
533	2	240459133	22280
537	4	80149806	7430
539	2	40079769	3711
535	4	40064232	3710
537	2	40078668	3712
535	2	40079820	3712
532	3	40069880	3713
530	2	40072700	3714
535	5	80156054	7431
532	3	80146274	7428
535	3	80157510	7426
526	9	120223753	11146
528	2	80151949	7423
526	2	40072118	3713
528	2	40078231	3713
530	2	40076847	3713
526	4	40078532	3712
524	2	80147725	7428
526	2	40072294	3711
528	2	80143029	7422
530	2	40086950	3715
533	3	40072232	3711
530	3	40076819	3713
526	4	160299649	14850
524	2	40075571	3715
528	4	40069142	3714
526	2	240458556	22272
524	2	80148914	7427
526	2	40072330	3713
524	2	80152312	7426
526	2	40075747	3717
528	2	40067751	3711
526	2	40080804	3711
524	2	40079647	3709
526	2	120225616	11132
524	2	80143485	7420
526	2	40074007	3715
524	2	40081712	3709
526	2	40074202	3713
524	2	40072432	3715
528	4	80151321	7426
524	4	80149494	7420
526	2	80150690	7423
524	2	80150058	7418
526	2	160309724	14847
528	2	80150927	7426
526	2	40072317	3710
524	2	120228196	11135
526	2	40070322	3715
524	2	80143818	7421
526	2	40085630	3713
528	2	40064503	3712
530	2	40086622	3717
526	4	40072880	3712
528	2	80144326	7425
526	2	40078440	3715
524	2	40073169	3711
526	2	40081368	3713
524	2	40065146	3709
528	4	40080558	3711
524	4	280521782	25972
526	2	40080734	3716
524	2	40068920	3711
526	2	80152205	7421
524	2	40084697	3709
528	4	40067315	3713
526	2	160300612	14853
524	2	40085180	3716
526	2	40070579	3712
522	4	40080132	3722
524	2	80145592	7423
526	2	120225054	11131
524	2	40076190	3710
526	2	40070515	3710
524	2	40077542	3712
521	3	80149396	7427
524	3	40080710	3707
528	4	160300170	14842
526	2	80150793	7426
524	2	80150778	7424
528	4	40077502	3711
530	2	40073214	3711
526	4	80140348	7426
543	17	40084946	3717
528	15	240453776	22279
526	2	80145859	7426
524	2	40074105	3712
526	2	160298023	14851
528	2	40074937	3714
530	2	80158429	7426
528	2	200367886	18563
530	2	120228445	11141
532	2	40074141	3714
528	4	40080116	3713
526	2	200372427	18566
528	2	40077335	3714
526	2	40075948	3715
528	2	80142960	7422
530	2	40087903	3715
528	2	40070944	3715
526	2	40077733	3716
530	4	40066385	3712
533	3	40076137	3712
528	5	40080235	3713
530	2	40079419	3714
528	2	40063400	3710
530	2	40080807	3712
526	4	40068400	3713
528	2	40082106	3713
526	2	40073701	3712
528	2	240455755	22275
526	2	80150903	7426
530	4	40069987	3712
526	4	120222058	11140
528	2	120239098	11137
526	2	40063677	3711
530	4	40085304	3713
528	2	160296381	14843
524	4	40072931	3713
526	2	40081721	3713
528	2	40065271	3711
533	5	40078722	3714
528	5	40079325	3712
530	2	40075875	3712
533	3	40071043	3710
541	8	40076215	3714
533	8	40074302	3715
532	1	40076017	3714
530	2	160301723	14859
528	2	40069860	3713
532	4	40076561	3716
530	2	120231937	11141
528	2	40076302	3715
530	2	80150828	7426
535	5	40078718	3713
548	13	160292248	14866
550	2	40082879	3718
544	6	40064424	3717
541	3	40081952	3713
537	4	40070319	3715
543	6	80156611	7432
530	13	40074683	3717
528	2	160302365	14855
539	11	40068212	3710
530	9	120234116	11141
528	2	80146248	7426
530	2	40072314	3714
528	2	40074485	3713
526	2	120231571	11140
528	2	80141028	7437
526	2	40082167	3723
528	2	80146944	7432
526	2	120228862	11150
528	2	80146918	7434
533	5	40085043	3716
530	3	120219835	11141
528	2	80144975	7427
526	2	40084610	3715
528	2	40064461	3714
533	5	40080791	3714
528	5	120222795	11141
530	2	40077215	3716
526	4	80152891	7425
524	2	40076394	3712
526	2	80149533	7431
528	2	80146258	7424
530	2	40081704	3718
526	4	120222604	11143
524	2	80146471	7434
526	2	120229230	11144
528	2	40077272	3714
530	2	80145428	7431
528	2	200381520	18570
530	2	160306818	14862
528	2	80146116	7426
530	2	40071973	3710
533	3	40074334	3713
537	4	40071442	3714
535	2	40081745	3713
532	3	40073677	3715
530	2	40078991	3715
526	4	120224806	11146
528	2	40077491	3712
530	2	40073325	3712
532	2	40077468	3712
528	4	40066046	3711
530	2	120231415	11139
528	2	120218722	11140
526	2	40086606	3714
530	4	40072812	3716
526	4	80149047	7439
524	2	40072313	3714
526	2	120219831	11137
530	4	200388812	18568
528	2	40069477	3710
526	2	40077466	3713
528	2	40066482	3712
530	2	40083850	3714
532	2	40072077	3715
530	2	40077372	3721
528	2	120225021	11135
526	2	40073442	3715
528	2	80158385	7430
530	2	80145313	7426
526	4	80147064	7427
524	2	40071843	3714
526	2	80154687	7428
528	2	40077818	3713
530	2	120220241	11135
528	2	120227339	11137
526	2	80158492	7430
528	2	80150572	7430
530	2	80143055	7425
528	2	40075753	3713
526	2	80147840	7425
528	2	40081517	3712
524	4	40066219	3709
526	2	40087626	3717
521	5	40067349	3711
526	5	120228767	11142
528	2	40068059	3714
530	2	80155612	7429
526	4	40083125	3715
530	4	80146983	7434
532	2	40069874	3718
528	4	160301707	14849
526	2	80154092	7426
528	2	40070886	3713
530	2	200379819	18569
526	4	40071243	3714
528	2	120230317	11144
524	4	40077488	3710
526	2	40068386	3717
530	4	40078618	3716
528	2	200377368	18563
526	2	80150596	7428
524	2	40070132	3712
526	2	40077626	3711
524	2	80147767	7421
526	2	80156133	7429
528	2	160293567	14852
524	4	80150250	7428
526	2	40080704	3712
521	5	40078088	3709
524	3	40072664	3708
526	2	120220097	11127
524	2	40080981	3700
526	2	40072141	3710
521	5	40079611	3714
524	3	40075571	3705
521	3	40079546	3716
519	2	40069622	3705
528	9	40077825	3710
526	2	120219679	11124
528	2	40076602	3712
526	2	40070716	3708
524	2	40085685	3711
521	3	40070673	3712
524	3	40076987	3709
526	2	120223103	11138
528	2	40080698	3715
526	2	160299715	14856
524	2	40066468	3713
526	2	40080833	3714
524	2	40070108	3710
526	2	120228347	11139
541	15	40078581	3710
535	6	40081897	3714
532	3	80142379	7433
533	1	160300750	14850
532	1	40073619	3713
533	1	40075981	3711
535	2	40077782	3712
533	2	40079392	3712
532	1	40072485	3712
530	2	120225208	11139
532	2	80148742	7431
535	3	40074480	3716
533	2	80149879	7424
530	3	40075747	3713
533	3	40078813	3710
530	3	120231776	11139
535	5	40063408	3711
537	2	160303865	14851
535	2	40074960	3713
530	5	40073972	3715
532	2	40073507	3712
535	3	40074999	3713
532	3	40082159	3714
535	3	80155048	7426
533	2	80142784	7420
532	1	40071954	3714
526	6	80157986	7431
530	4	80147493	7425
533	3	40076217	3714
530	3	80153438	7433
528	2	80146406	7430
526	2	160301250	14860
528	2	120229386	11144
535	7	80145584	7426
532	3	80153559	7438
535	3	40073079	3713
533	2	40077930	3713
526	7	120219379	11129
528	2	40077410	3708
530	2	40077837	3715
526	4	40068275	3706
524	2	40086110	3711
526	2	40064896	3711
528	2	40080755	3710
526	2	40078387	3709
528	2	120220015	11141
530	2	40073757	3710
526	4	160301777	14843
523	3	40077507	3712
524	1	40077472	3713
526	2	40072374	3712
528	2	40072298	3709
526	2	40083950	3713
524	2	40069235	3713
528	4	120226443	11133
526	2	80150398	7425
528	2	40079235	3714
526	2	120226564	11136
528	2	200373269	18560
526	2	40077487	3718
528	2	120226858	11144
526	2	40073558	3714
528	2	120225470	11136
526	2	40080389	3713
524	2	40064040	3714
526	2	120231919	11141
524	2	40076492	3716
530	6	40073596	3714
526	4	40069712	3716
528	2	40082722	3714
524	4	80151002	7427
526	2	40067104	3714
528	2	80149428	7427
526	2	40084849	3712
528	2	40073128	3711
524	4	120226725	11136
526	2	40065291	3714
528	2	120231854	11142
526	2	40074544	3716
528	2	40076806	3714
526	2	40072067	3713
524	2	40075563	3711
526	2	200378521	18565
524	2	40072962	3713
526	2	80149428	7421
524	2	40072417	3713
526	2	80157959	7426
528	2	40072264	3712
526	2	40070726	3710
528	2	40080913	3713
526	2	80155306	7431
528	2	40066498	3724
530	2	40076948	3718
528	2	160306924	14853
526	2	80149767	7425
528	2	40076431	3716
530	2	40078858	3713
528	2	40070400	3713
530	2	40071298	3717
528	2	40083460	3714
533	5	40066442	3711
532	1	40076892	3714
530	2	40072878	3713
535	5	40075321	3714
533	2	40081921	3712
530	3	80152441	7430
528	2	80144278	7429
544	16	40069106	3714
528	16	40086823	3712
530	2	120215502	11144
528	2	40076010	3715
530	2	40082485	3714
532	2	80150606	7426
533	1	40070148	3709
532	1	40078735	3714
535	3	120223860	11138
532	3	80158850	7430
535	3	40063404	3715
530	5	200381772	18568
532	2	40076612	3712
533	1	40070087	3713
535	2	40076167	3713
533	2	40080487	3716
530	3	40075066	3714
532	2	40074473	3711
530	2	40067796	3709
532	2	40084829	3711
530	2	40067867	3711
532	2	160301138	14852
535	3	40082251	3712
532	3	40073724	3713
530	2	120228284	11144
532	2	40068607	3710
535	3	40083020	3712
532	3	40065185	3714
535	3	40078555	3713
532	3	40071183	3712
530	2	120227083	11136
528	2	40072321	3710
530	2	120235915	11133
532	2	40070706	3713
528	4	80147325	7425
532	4	80154363	7426
533	1	40079374	3715
535	2	120224145	11136
532	3	40075105	3711
535	3	120219677	11136
539	4	40076214	3711
535	4	80158830	7425
537	2	40067923	3712
533	4	40083131	3713
537	4	40062461	3713
535	2	40087455	3717
541	6	40070820	3712
537	4	80145449	7420
535	2	40085720	3715
537	2	40070843	3712
533	4	40073016	3713
537	4	40077585	3715
535	2	40076937	3711
537	2	80145771	7422
535	2	40077894	3712
537	2	80150367	7420
532	5	40073651	3712
533	1	40070054	3710
530	3	40081898	3713
532	2	40075149	3713
535	3	40071759	3713
539	4	40080481	3713
535	4	40071577	3711
537	2	40069531	3712
535	2	40083786	3713
532	3	40073225	3711
537	5	40075062	3713
535	2	40073241	3712
532	3	40080321	3712
535	3	40067127	3712
533	2	40081860	3714
535	2	160299584	14861
537	2	40074366	3719
535	2	40078995	3712
537	2	40073081	3713
535	2	80147727	7426
532	3	80148998	7426
530	2	40084145	3715
535	5	40071224	3712
532	3	40070763	3711
541	9	40078780	3713
535	6	80145547	7428
530	5	40079329	3715
532	2	40078423	3713
533	1	40071056	3711
532	1	80153386	7422
537	5	40073658	3712
535	2	40074317	3716
537	2	40073529	3715
532	5	80149523	7432
533	1	40086003	3713
537	4	40064405	3710
535	2	160305020	14847
537	2	40075604	3713
533	4	40077247	3712
532	1	80145143	7428
533	1	40081165	3716
528	5	40073979	3713
526	2	40079117	3713
530	4	120222241	11139
526	4	40076145	3714
528	2	80151596	7426
530	2	40068980	3710
526	4	40076366	3716
535	9	40074493	3715
526	9	40075316	3717
528	2	40069850	3719
526	2	40088942	3719
528	2	200364890	18569
530	2	40076741	3712
533	3	40077652	3714
530	3	40078163	3713
528	2	120221639	11141
526	2	40083447	3714
528	2	40061917	3710
530	2	80156762	7425
537	7	40076084	3715
532	5	40075919	3712
530	2	40077158	3712
528	2	80153269	7424
526	2	80144033	7422
528	2	80153436	7431
530	2	80153719	7429
528	2	120216130	11155
526	2	40080735	3715
524	2	80154533	7423
528	4	120218390	11141
530	2	40081755	3717
528	2	40064737	3711
530	2	120236503	11143
528	2	80146860	7428
533	5	40072061	3713
526	7	80145885	7424
528	2	40085182	3713
532	4	40066138	3713
530	2	120229390	11141
526	4	80153316	7428
528	2	120223605	11142
530	2	80153193	7422
533	3	40077941	3714
530	3	40070770	3711
528	2	40078983	3715
526	2	120215853	11141
528	2	40084736	3714
530	2	120223954	11141
526	4	40075817	3715
528	2	40076437	3711
526	2	40072127	3711
528	2	80156438	7425
530	2	40063433	3712
528	2	80160468	7428
530	2	40077284	3716
528	2	360673445	33411
526	2	40073335	3710
530	4	80154543	7420
528	2	160293391	14852
526	2	80159300	7429
528	2	120217064	11143
530	2	40083432	3722
533	3	80148932	7436
530	3	40067644	3713
528	2	200384573	18559
530	2	40057263	3711
535	5	40090089	3715
533	2	40067614	3711
530	3	40087595	3713
528	2	120215267	11136
526	2	80155915	7422
528	2	120229806	11142
530	2	200366548	18562
528	2	80156402	7430
526	2	160301045	14855
528	2	200375548	18564
526	2	40076068	3711
528	2	80152527	7424
526	2	80144531	7429
530	4	80150264	7425
528	2	160298981	14842
526	2	40077944	3713
528	2	80155939	7430
533	5	40073200	3711
530	3	160301740	14847
528	2	120225142	11135
526	2	40070851	3710
528	2	160299699	14860
526	2	80148952	7425
528	2	40088168	3718
532	4	40069083	3715
526	6	40082191	3714
524	2	40065262	3714
526	2	40081736	3713
530	4	40065804	3712
526	4	80155937	7425
528	2	80153926	7425
530	2	40071954	3711
532	2	40072021	3712
530	2	80156787	7431
528	2	80142365	7428
530	2	240456840	22279
528	2	40068204	3710
526	2	40082091	3710
528	2	80145209	7428
533	5	40082764	3711
532	1	40069068	3710
535	3	40083544	3714
532	3	40069762	3709
528	4	200373087	18567
530	2	40076966	3713
532	2	40082851	3713
535	3	40071655	3714
533	2	40074409	3713
530	3	40075950	3713
528	2	40078478	3711
526	2	40066667	3713
528	2	80153026	7429
530	2	80153896	7426
533	3	40074911	3712
528	5	40071241	3710
530	2	40078078	3713
535	5	80148353	7435
532	3	80149699	7425
535	3	120230302	11142
533	2	40078081	3713
532	1	40073224	3711
535	3	40070651	3713
533	2	40073544	3717
532	1	40080407	3718
535	3	40072660	3714
537	2	40083391	3715
539	2	40069491	3714
537	2	40079849	3714
535	2	40071558	3713
532	3	40072190	3716
535	3	160308586	14850
530	5	40071698	3713
528	2	40070288	3715
530	2	40071697	3711
528	2	40078302	3709
526	2	160309154	14844
524	2	120220093	11128
526	2	120223262	11156
530	4	80156557	7428
528	2	40073521	3710
526	2	40070067	3714
528	2	80160140	7425
526	2	80144751	7423
530	4	40069089	3703
548	18	40082631	3617
544	4	40068521	3584
535	9	80148930	7212
537	2	40088369	3642
544	7	40067453	3643
543	1	40080012	3648
546	3	40075439	3645
548	2	80149254	7273
546	2	40070698	3583
544	2	40074156	3582
541	3	40078463	3584
537	4	40069349	3582
535	2	120233089	10628
533	2	40068429	3518
532	1	40083309	3517
533	1	40073466	3518
537	4	40071790	3517
535	2	40079562	3516
533	2	80141847	7033
530	3	40082620	3523
533	3	40069419	3515
535	2	80145190	7033
533	2	40093069	3523
535	2	40065867	3518
533	2	80153728	7029
530	3	80145424	7039
528	2	40081678	3520
533	5	120218441	10557
532	1	40088077	3518
533	1	80147641	7057
539	6	40068637	3580
537	2	80146030	7165
539	2	40084208	3585
537	2	40067847	3582
535	2	80156468	7167
537	2	80146303	7166
532	5	40078454	3583
535	3	40072755	3582
539	4	80140463	7166
535	4	40094405	3585
530	5	40066073	3577
535	5	40084150	3582
537	2	40061776	3583
539	2	40088931	3586
537	2	80145430	7165
539	2	120227125	10750
535	4	80151020	7158
532	3	80145758	7371
539	7	80154508	7435
541	2	120222694	11142
539	2	80152113	7421
537	2	40069363	3714
539	2	40076817	3714
543	4	80155596	7428
546	3	40066306	3711
548	2	40085768	3718
535	13	120223529	11139
533	2	120226830	11139
532	1	40071990	3714
535	3	40075511	3715
537	2	40074157	3714
548	11	40081304	3716
530	18	80149457	7427
528	2	40072067	3712
526	2	80143623	7429
528	2	80158430	7426
530	2	80142692	7423
528	2	40087150	3715
526	2	120214635	11141
528	2	40079875	3715
530	2	40071045	3710
528	2	40079584	3715
526	2	80154256	7429
528	2	40067648	3712
530	2	40082690	3718
528	2	80144621	7423
530	2	80153410	7422
528	2	40068068	3710
524	4	80151783	7427
526	2	120229778	11141
524	2	40074293	3711
526	2	40084434	3713
528	2	80141183	7425
526	2	200381093	18569
528	2	80149740	7423
526	2	40073685	3713
530	4	40069863	3712
526	4	40082235	3714
528	2	120225040	11141
530	2	40078583	3716
533	3	80146975	7426
532	1	40072405	3715
530	2	240456404	22276
528	2	120223792	11137
526	2	40070398	3711
530	4	40077120	3714
528	2	40073772	3711
532	4	40077892	3712
528	4	40078344	3712
532	4	40076267	3712
530	2	40076454	3711
533	3	40071765	3715
532	1	40069412	3719
530	2	80154534	7428
528	2	40076656	3713
530	2	40076725	3712
528	2	40071450	3713
532	4	120231431	11144
530	2	40076034	3713
528	2	40067171	3712
530	2	120229853	11140
528	2	80151043	7422
526	2	160297830	14847
530	4	80150299	7421
528	2	80157252	7419
530	2	40065167	3712
532	2	40083290	3714
526	6	40072493	3711
535	9	40077237	3713
528	7	40072929	3714
530	2	80154426	7424
535	5	40071157	3712
528	7	40078563	3712
535	7	40070476	3714
528	7	40070993	3713
532	4	40078453	3714
526	6	40076284	3713
530	4	40075893	3713
528	2	40074689	3716
533	5	40075860	3721
532	1	40071753	3711
537	5	40078636	3712
530	7	40071034	3711
537	7	40082120	3713
526	11	40071982	3711
532	6	40083875	3712
526	6	40063316	3709
533	7	40085381	3713
528	5	40071976	3711
533	5	40077195	3712
528	5	40068270	3711
532	4	40077595	3713
530	2	40070218	3714
532	2	40087317	3714
530	2	40074913	3719
533	3	40067935	3719
530	3	40076220	3719
533	3	40076682	3724
526	7	40072263	3715
528	2	40081784	3715
530	2	80153264	7425
526	4	40072089	3708
530	4	40076057	3714
528	2	120217467	11138
530	2	40084426	3716
528	2	40065753	3716
530	2	80154420	7424
533	3	40078563	3713
530	3	80147686	7425
528	2	80146844	7432
530	2	40074276	3711
528	2	80151762	7427
530	2	40084418	3716
528	2	80148008	7430
526	2	120220703	11141
528	2	40073460	3715
530	2	80157162	7430
528	2	80153019	7427
526	2	80147449	7424
528	2	40066563	3711
530	2	40086004	3717
532	2	40064025	3711
530	2	160301498	14855
528	2	40078053	3714
526	2	40078310	3714
528	2	80144121	7425
530	2	40082128	3714
535	5	40073616	3711
532	3	40081845	3710
533	1	80144592	7426
530	3	80148125	7426
528	2	80152617	7428
526	2	40074540	3714
528	2	40076800	3714
530	2	40075807	3712
532	2	40078228	3714
530	2	160299156	14858
533	3	40069820	3711
530	3	120233666	11142
528	2	40068722	3713
530	2	80152467	7428
528	2	80151334	7422
530	2	40072747	3713
528	2	160303549	14849
526	2	80147471	7427
524	2	80152066	7433
526	2	40079655	3716
528	2	80146659	7421
526	2	40079282	3711
528	2	40069267	3713
524	4	120229995	11144
526	2	200374298	18569
528	2	80145550	7426
526	2	40079793	3714
528	2	40065350	3714
530	2	40086296	3714
528	2	40070874	3716
532	4	40079852	3716
528	4	80148547	7433
530	2	200372343	18561
532	2	40086382	3713
530	2	80150603	7425
526	4	40062871	3711
528	2	40083313	3713
530	2	40069173	3711
528	2	80158943	7428
530	2	120224275	11139
528	2	80144477	7430
526	2	160303103	14868
530	4	80152522	7427
532	2	40073922	3712
533	1	40082337	3715
535	2	40070759	3712
530	5	80151617	7432
528	2	80144795	7429
532	4	40078570	3718
533	1	40074899	3713
530	3	40072741	3712
533	3	40074161	3713
535	2	40084446	3715
533	2	40064422	3714
530	3	40083239	3718
528	2	80152105	7427
526	2	40063675	3714
528	2	40080878	3714
533	5	80153504	7431
530	3	40073335	3714
535	5	40081091	3715
532	3	40071116	3713
