#sensor_value	delta_value	duration_ns	duration_samples
533	4	40078063	10606
532	1	40072478	10560
533	1	40076403	10626
532	1	40077349	10630
535	3	40072925	10620
530	5	120225973	31866
533	3	160302182	42491
532	1	80150199	21250
530	2	80150555	21247
528	2	80148359	21250
526	2	40076666	10627
530	4	40074299	10623
533	3	80150184	21250
530	3	40075999	10626
535	5	40075118	10605
530	5	40076980	10616
526	4	80149117	21236
528	2	40074055	10621
530	2	160302354	42497
528	2	80150109	21247
524	4	40075896	10633
526	2	40075618	10624
530	4	40075644	10607
528	2	120224327	31862
526	2	40076331	10624
524	2	80150359	21239
521	3	40075122	10621
524	3	40077505	10628
522	2	40072199	10630
526	4	40077674	10632
524	2	40073359	10551
526	2	120227852	31883
524	2	40071667	10606
521	3	40076036	10621
524	3	120226601	31877
521	3	40076526	10627
526	5	40075113	10621
524	2	40075592	10630
526	2	40075558	10614
522	4	80148600	21245
526	4	40077290	10620
524	2	280523624	74349
526	2	80150629	21253
528	2	80150037	21236
524	4	240453533	63736
528	4	80151186	21255
526	2	80149611	21233
528	2	40076495	10626
530	2	40074712	10621
528	2	80150354	21259
530	2	40075102	10629
528	2	40075616	10625
526	2	80150213	21255
524	2	40076171	10623
526	2	40074097	10624
524	2	40077032	10639
526	2	120224257	31875
524	2	80149357	21219
526	2	40077238	10625
524	2	160299209	42470
526	2	40073608	10635
524	2	160300522	42498
521	3	40078460	10630
524	3	40074294	10626
528	4	40075635	10633
524	4	280527611	74389
526	2	120225542	31872
524	2	80152139	21261
526	2	40067245	10615
524	2	40081540	10630
521	3	80152216	21255
524	3	40073723	10621
526	2	120225989	31864
528	2	40074282	10636
530	2	40077022	10614
524	6	80148125	21240
528	4	80153404	21258
526	2	80148411	21256
528	2	40075138	10624
526	2	80150560	21266
524	2	40076854	10623
522	2	40074730	10622
526	4	120223878	31885
524	2	80147061	21245
521	3	40079503	10615
524	3	40076174	10623
526	2	80149743	21240
528	2	40075444	10624
526	2	40075149	10624
528	2	40073771	10627
535	7	40076063	10627
524	11	40072451	10619
526	2	40080051	10629
524	2	40073343	10625
521	3	80150992	21254
524	3	40073351	10627
526	2	80152263	21196
524	2	40074904	10624
522	2	40074647	10618
524	2	40075523	10628
521	3	40076538	10620
524	3	160301521	42497
522	2	40081495	10620
524	2	40067785	10624
526	2	120223665	31870
530	4	40077255	10622
526	4	40073598	10616
528	2	40079177	10629
524	4	80149805	21228
521	3	40071776	10622
524	3	240450876	63760
521	3	40077815	10624
522	1	80151761	21237
524	2	120224045	31877
526	2	240455136	63729
524	2	40072251	10633
528	4	40072808	10619
526	2	40077282	10626
530	4	80151109	21236
533	3	40075043	10623
528	5	40077516	10624
526	2	80142713	21230
524	2	40079476	10617
526	2	80149584	21244
528	2	40078682	10627
530	2	40072359	10627
533	3	40078491	10626
530	3	40072302	10626
528	2	40075922	10627
530	2	40075658	10615
528	2	40074997	10619
530	2	40075679	10614
526	4	40074571	10620
528	2	120224763	31845
526	2	40076530	10620
524	2	40075987	10617
526	2	120226025	31864
524	2	40074214	10624
525	1	40074573	10625
528	3	40074813	10617
526	2	40077884	10628
524	2	40072196	10629
526	2	80152272	21263
524	2	40076571	10625
528	4	40074974	10620
526	2	200374056	53128
528	2	120224567	31886
526	2	40077241	10620
528	2	40074751	10616
526	2	40077902	10622
524	2	40071590	10631
526	2	40077562	10626
524	2	40074950	10633
522	2	40076765	10635
526	4	120223923	31872
528	2	40074381	10622
526	2	40075167	10636
524	2	40078081	10629
522	2	40071203	10629
519	3	40077995	10631
522	3	40072415	10623
524	2	40077040	10620
522	2	40073514	10632
524	2	80150260	21246
526	2	120229298	31886
521	5	40072812	10625
524	3	40078059	10635
521	3	40073484	10610
524	3	40076276	10623
526	2	40075165	10627
524	2	40073907	10625
526	2	40076542	10617
524	2	80148827	21248
521	3	40076557	10623
524	3	80154582	21214
526	2	40070421	10541
524	2	40075905	10551
526	2	80151577	21083
524	2	40074682	10545
526	2	120225286	31642
524	2	160295557	42195
526	2	80156164	21094
528	2	40072796	10519
524	4	40077440	10545
528	4	160299862	42465
526	2	40074698	10630
524	2	40078050	10619
526	2	120222806	31874
530	4	80152589	21253
528	2	40074068	10621
526	2	40074356	10631
524	2	80152522	21258
528	4	40076782	10628
524	4	40071806	10626
526	2	40078913	10625
528	2	80149998	21253
526	2	160301152	42499
524	2	80148323	21236
526	2	40077260	10619
528	2	40075306	10631
530	2	80150559	21256
532	2	80150384	21250
530	2	40072218	10631
532	2	40076497	10624
530	2	120223954	31867
535	5	40079443	10626
528	7	40071140	10630
530	2	40078410	10636
528	2	40073476	10630
530	2	40077003	10623
533	3	80150535	21259
532	1	40072943	10631
530	2	40076089	10627
528	2	40077315	10623
530	2	40073185	10618
528	2	40074710	10612
530	2	40077456	10624
528	2	40071688	10612
530	2	40076978	10629
528	2	120224218	31869
526	2	40077506	10621
524	2	80150159	21249
526	2	40074852	10622
528	2	40075706	10629
526	2	40073429	10623
528	2	120228106	31881
526	2	120225435	31878
528	2	160298123	42499
530	2	80153252	21258
528	2	40075696	10620
526	2	200374659	53146
528	2	40075320	10624
530	2	40075438	10624
533	3	40077853	10623
530	3	40073768	10623
532	2	40073687	10625
528	4	40074571	10623
530	2	40076693	10630
528	2	80151113	21245
530	2	80150625	21250
528	2	160300350	42524
526	2	40075911	10614
530	4	80148855	21248
533	3	40078913	10633
528	5	80147293	21263
526	2	120224740	31868
530	4	160302445	42504
532	2	40074609	10626
528	4	40075700	10627
530	2	40076466	10623
526	4	40072151	10623
528	2	80151902	21265
526	2	80152405	21256
533	7	80147484	21269
528	5	40078892	10626
526	2	80149537	21245
528	2	40073643	10628
524	4	40077306	10628
526	2	40072286	10622
524	2	40075933	10628
526	2	80152283	21246
524	2	40075444	10626
528	4	40073698	10634
533	5	40073832	10625
528	5	120229504	31890
526	2	80150366	21260
524	2	80151219	21249
526	2	120221104	31860
524	2	40078757	10636
526	2	40075509	10624
524	2	40074817	10635
526	2	40072329	10625
524	2	80151291	21251
526	2	120229187	31888
528	2	80149725	21251
530	2	80151300	21254
526	4	240448264	63755
524	2	40076255	10630
526	2	80148756	21254
524	2	40076632	10640
521	3	40076877	10629
524	3	40074744	10626
526	2	120224042	31892
528	2	40076122	10623
526	2	80152687	21266
528	2	40072497	10623
526	2	40075589	10630
528	2	40074103	10622
526	2	40077339	10635
530	4	280524692	74373
528	2	200378802	53132
530	2	80150588	21249
528	2	160300527	42505
526	2	40074587	10625
528	2	200378827	53117
530	2	40072935	10628
533	3	40078516	10620
528	5	40070423	10620
526	2	40078564	10630
528	2	80148072	21256
530	2	200377111	53138
528	2	120222432	31875
530	2	120227081	31882
526	4	40075995	10628
529	3	40075757	10626
533	4	40075566	10635
526	7	80149472	21257
530	4	40076576	10625
535	5	40073653	10618
532	3	40075316	10627
533	1	40079412	10619
535	2	40072820	10628
532	3	80150994	21254
533	1	80148455	21258
532	1	40077997	10635
535	3	40073724	10625
533	2	40074097	10622
530	3	40075944	10628
533	3	40076804	10631
532	1	40073317	10620
533	1	40075062	10619
532	1	80152212	21257
533	1	40072497	10623
535	2	120227460	31888
532	3	40073826	10623
526	6	40075733	10630
528	2	40078015	10618
526	2	40075469	10627
528	2	40071792	10635
526	2	240452096	63769
528	2	80151481	21247
526	2	40075436	10631
530	4	40074327	10621
533	3	40077732	10630
528	5	40071829	10628
530	2	40078669	10626
526	4	120222376	31883
528	2	120227191	31811
526	2	40076536	10622
528	2	80148660	21252
530	2	40077813	10618
526	4	160299885	42492
528	2	40072392	10622
526	2	80152984	21257
528	2	40075175	10628
526	2	80149246	21257
528	2	120225620	31885
526	2	40078761	10622
528	2	280523269	74389
532	4	40075059	10629
530	2	80154281	21252
528	2	40071773	10625
533	5	40076417	10622
532	1	40075897	10623
528	4	40075790	10634
526	2	40072316	10631
530	4	40076909	10621
533	3	40075897	10632
530	3	80150198	21265
526	4	40075501	10624
528	2	80149609	21264
526	2	40075626	10622
528	2	80151031	21265
533	5	80147698	21254
528	5	40079700	10634
526	2	40072946	10636
528	2	80150744	21259
524	4	40074117	10640
522	2	40075625	10632
528	6	80151698	21258
524	4	40074403	10635
526	2	80150358	21264
528	2	80151384	21258
526	2	40075079	10621
530	4	80149393	21259
533	3	40077716	10628
528	5	40073450	10632
526	2	40074759	10626
528	2	40075923	10628
526	2	240450803	63789
528	2	200376042	53162
526	2	80151906	21252
522	4	40072310	10634
521	1	40077694	10632
519	2	40073290	10635
526	7	80152344	21275
528	2	80149248	21244
526	2	120228098	31895
521	5	40074118	10633
524	3	40078099	10628
537	13	40071392	10624
528	9	40077874	10631
526	2	200373581	53152
524	2	80151141	21269
526	2	240451877	63778
524	2	40076870	10620
522	2	40071124	10635
524	2	160302623	42503
528	4	40077888	10638
526	2	80150716	21267
524	2	40072950	10641
526	2	200378587	53173
528	2	40072504	10632
526	2	40075731	10634
528	2	120223845	31880
526	2	40077631	10633
528	2	200374453	53158
526	2	40077702	10630
525	1	40073411	10630
526	1	40077434	10628
524	2	80148626	21264
526	2	120224344	31904
524	2	80153235	21266
526	2	40068315	10624
524	2	40083081	10635
526	2	240448163	63794
524	2	120227501	31890
526	2	40074938	10624
528	2	40074921	10626
526	2	40074925	10625
528	2	40078034	10631
530	2	40073950	10635
528	2	80150569	21265
526	2	80151755	21267
528	2	80146526	21255
530	2	80153572	21258
532	2	80143438	21274
528	4	40083395	10631
530	2	40072895	10627
526	4	160298780	42527
524	2	40076985	10629
526	2	40075197	10639
522	4	40076770	10633
521	1	40075778	10629
524	3	160300653	42533
522	2	40075374	10629
526	4	40074130	10626
528	2	80150552	21264
526	2	80150831	21270
528	2	40076768	10623
526	2	80148785	21259
528	2	40076054	10632
530	2	80148246	21270
533	3	40075507	10641
530	3	40077073	10632
528	2	80147436	21263
526	2	80150518	21252
524	2	80150718	21260
526	2	40080447	10635
524	2	40072215	10635
526	2	40075204	10635
524	2	160300641	42521
526	2	80151590	21252
524	2	40072825	10631
526	2	40077265	10622
524	2	80149902	21251
526	2	40073300	10631
521	5	40079148	10628
526	5	40073809	10627
528	2	80148287	21266
526	2	80151272	21250
528	2	40075940	10634
526	2	120225359	31875
524	2	40077998	10632
526	2	80147067	21262
524	2	40074798	10625
526	2	200377807	53167
524	2	200374978	53154
526	2	40077509	10622
524	2	40074870	10625
521	3	40075704	10636
524	3	40073692	10631
526	2	120226427	31890
524	2	120224267	31879
526	2	120228825	31896
528	2	80148358	21268
526	2	40074856	10629
528	2	40078640	10643
524	4	80148814	21258
526	2	120223072	31904
530	4	40077286	10620
528	2	40073151	10625
526	2	40077745	10626
528	2	40074128	10627
524	4	40077585	10632
521	3	80149965	21258
524	3	40073298	10624
526	2	200378378	53164
528	2	40072735	10631
526	2	120228956	31915
524	2	80148238	21260
526	2	40075812	10630
524	2	40077153	10628
526	2	160297917	42510
530	4	40074977	10633
526	4	40078048	10622
524	2	80148453	21258
526	2	40076032	10633
524	2	40075591	10622
528	4	120222359	31895
526	2	120227831	31895
528	2	40074313	10627
526	2	40076909	10631
530	4	40076066	10630
528	2	80147402	21275
526	2	40070027	10626
528	2	40082348	10638
530	2	80149592	21261
526	4	120228876	31910
528	2	40073901	10634
526	2	80149243	21252
524	2	40077276	10631
526	2	120226819	31899
524	2	40075432	10634
530	6	40073310	10627
528	2	80149229	21269
522	6	40075556	10627
526	4	40074385	10635
524	2	120226087	31904
528	4	40075107	10616
526	2	40077196	10637
533	7	40073693	10634
524	9	40077264	10622
530	6	40071634	10627
526	4	40076552	10626
528	2	40078305	10624
524	4	40072544	10625
530	6	120227132	31891
528	2	40075458	10630
530	2	40073372	10631
528	2	40076443	10627
530	2	40075192	10636
526	4	40074972	10633
528	2	160303004	42537
526	2	40071114	10632
524	2	40077862	10635
526	2	40073154	10636
524	2	40076628	10626
526	2	120225815	31887
524	2	40076458	10638
526	2	120224927	31901
524	2	40074565	10631
526	2	80153408	21262
524	2	40073371	10624
526	2	40075415	10633
528	2	40073335	10626
526	2	80152011	21269
524	2	40075357	10630
528	4	40073286	10628
526	2	80150219	21261
521	5	40078036	10631
526	5	80151138	21278
524	2	40074630	10635
526	2	120226335	31874
524	2	40071828	10632
522	2	40077213	10635
524	2	80150458	21256
526	2	40074757	10635
524	2	40074875	10626
522	2	40077281	10626
524	2	40073350	10629
526	2	40075120	10636
524	2	40075203	10633
526	2	40075127	10639
524	2	40075673	10627
528	4	40074578	10632
526	2	120226539	31900
524	2	120225455	31908
526	2	240452414	63786
524	2	40076352	10636
526	2	120223259	31895
528	2	40075470	10637
526	2	40074917	10628
528	2	40078977	10628
526	2	120222974	31877
524	2	120225181	31897
526	2	40078243	10638
528	2	120223907	31894
530	2	40072783	10633
528	2	40079426	10640
526	2	40073787	10639
528	2	120225159	31892
530	2	40075987	10623
528	2	80147947	21264
530	2	40078312	10633
528	2	40073057	10625
526	2	80152128	21259
528	2	80149068	21260
526	2	40078329	10631
524	2	40070817	10629
526	2	80152016	21257
523	3	40078055	10640
524	1	40071082	10639
528	4	120227374	31891
526	2	40076481	10630
528	2	120226011	31879
526	2	40075052	10630
524	2	40073366	10627
528	4	40075890	10634
526	2	40074391	10630
524	2	40074540	10624
528	4	40079249	10636
530	2	40072640	10633
528	2	80150250	21265
526	2	80148660	21254
530	4	40077351	10637
526	4	40073372	10631
528	2	40079344	10637
525	3	40071218	10625
526	1	40078671	10622
524	2	40073394	10629
526	2	40075319	10628
521	5	40076267	10630
524	3	80153994	21270
526	2	80144570	21253
524	2	80151870	21253
526	2	80151826	21261
524	2	80148742	21275
526	2	40078130	10628
528	2	40073423	10627
526	2	40075104	10626
524	2	40074178	10636
526	2	80151462	21259
522	4	40076932	10633
524	2	40072232	10621
526	2	80150342	21253
528	2	40077298	10630
526	2	120224784	31890
524	2	40076643	10620
521	3	40074396	10633
526	5	80149445	21253
528	2	160302799	42528
524	4	40074517	10634
526	2	80150656	21193
524	2	240450517	63784
526	2	40075353	10633
528	2	40075511	10622
526	2	200377454	53164
524	2	120225693	31897
526	2	40075678	10626
524	2	80148957	21271
526	2	80150176	21267
528	2	40077649	10628
526	2	40071593	10631
524	2	40076044	10630
528	4	120225489	31897
524	4	40078138	10627
528	4	80149824	21257
526	2	40075730	10629
524	2	40075288	10632
526	2	40075702	10629
528	2	40074790	10631
526	2	80149991	21258
524	2	40072688	10633
526	2	160301246	42516
528	2	120226411	31904
526	2	40073980	10635
524	2	40077467	10636
526	2	200374015	53165
528	2	40078862	10634
526	2	80151167	21257
524	2	80149933	21268
526	2	120224552	31889
528	2	160300303	42526
530	2	40077712	10635
532	2	40071590	10622
530	2	40078081	10628
528	2	40076443	10628
526	2	40074942	10632
528	2	40072408	10629
526	2	160300189	42500
528	2	40077763	10630
526	2	80149578	21250
528	2	40072929	10619
524	4	200379631	53139
526	2	40072718	10624
524	2	40076412	10624
526	2	80149911	21260
528	2	40074732	10625
526	2	40078145	10627
528	2	40072136	10628
537	9	40082210	10639
528	9	80146194	21263
530	2	80149883	21260
526	4	240451023	63773
530	4	80151303	21253
528	2	80149418	21265
526	2	160302017	42514
528	2	200373673	53150
526	2	40079431	10631
521	5	80148080	21260
526	5	120227438	31905
528	2	40080798	10630
530	2	80144990	21251
526	4	40073699	10626
524	2	40075763	10633
526	2	40073161	10630
528	2	40078711	10630
526	2	40073515	10628
528	2	80151262	21258
526	2	160297447	42522
528	2	200378208	53137
526	2	40075509	10639
524	2	40081458	10631
526	2	280519494	74411
524	2	40076211	10634
521	3	40075949	10634
524	3	40074690	10626
521	3	40075110	10643
526	5	40075968	10627
528	2	40073247	10620
526	2	40077126	10631
528	2	40075569	10622
530	2	80148452	21252
528	2	40077518	10628
526	2	80151996	21263
528	2	40071658	10629
530	2	80150460	21270
528	2	40078574	10633
530	2	80150283	21258
528	2	40073618	10625
526	2	40074255	10635
528	2	120226616	31883
530	2	40074537	10632
533	3	40076253	10629
535	2	80148693	21261
533	2	40080081	10638
530	3	40070360	10630
533	3	40078618	10636
530	3	40071423	10631
528	2	80151719	21256
530	2	40077228	10629
528	2	40073797	10622
535	7	40084669	10635
537	2	40066185	10627
539	2	40078528	10624
537	2	40075634	10634
541	4	40071269	10631
550	9	40075548	10637
548	2	40077518	10627
546	2	40070734	10630
548	2	40077721	10636
535	13	160301746	42542
528	7	200373519	53150
530	2	80153225	21266
526	4	200375456	53151
528	2	80152668	21256
526	2	200373794	53139
525	1	40077483	10618
524	1	40071521	10630
526	2	120227811	31901
524	2	40072843	10628
528	4	40076874	10633
526	2	40074251	10625
524	2	40077302	10623
521	3	40074139	10636
526	5	40074968	10625
528	2	80153375	21264
530	2	40073284	10634
528	2	40074320	10632
530	2	80152828	21257
528	2	40071831	10614
526	2	40076982	10645
528	2	160302814	42520
526	2	80148822	21254
525	1	40075687	10633
526	1	40075317	10616
524	2	40074505	10627
528	4	40077181	10637
526	2	40072815	10629
524	2	120228124	31878
526	2	40072546	10629
524	2	40076351	10632
526	2	80151800	21260
528	2	40074738	10634
530	2	40076276	10638
528	2	40072907	10633
526	2	40075679	10622
524	2	200375298	53146
526	2	40075702	10624
528	2	80151614	21268
526	2	40075918	10627
524	2	40073912	10631
526	2	120224608	31878
528	2	40082643	10629
530	2	40071195	10626
528	2	80143221	21247
526	2	40079735	10632
524	2	40073995	10626
526	2	120227974	31895
530	4	40073077	10629
533	3	40078927	10633
528	5	40072427	10631
526	2	40077317	10636
530	4	40072290	10607
526	4	160301592	42528
528	2	200380268	53146
530	2	40072685	10625
526	4	120225206	31892
528	2	80154127	21272
526	2	40069743	10628
528	2	40078837	10633
530	2	80149053	21264
526	4	40076622	10625
528	2	40073239	10633
526	2	40075955	10632
528	2	80151622	21256
530	2	200377289	53142
528	2	40073256	10624
532	4	40077484	10632
528	4	40073151	10628
537	9	40075897	10630
528	9	40072680	10629
539	11	40078236	10637
528	11	40074429	10633
535	7	40081386	10626
528	7	40067663	10617
530	2	40076476	10625
526	4	40074956	10624
535	9	40076354	10628
530	5	40073814	10622
535	5	40075026	10627
530	5	40076845	10628
537	7	40073626	10625
530	7	40076884	10631
533	3	40073885	10631
528	5	40073224	10619
535	7	40079511	10629
526	9	40073009	10620
532	6	40077608	10629
526	6	40077294	10623
535	9	40071235	10624
528	7	40074820	10628
535	7	40077444	10629
528	7	40071960	10629
541	13	40076683	10634
530	11	40073737	10635
532	2	40077708	10628
533	1	40073238	10622
532	1	40076395	10620
528	4	200374624	53142
532	4	40075986	10632
530	2	80150285	21258
528	2	40075389	10624
526	2	240452782	63769
530	4	40076389	10633
528	2	40072818	10625
526	2	80152297	21253
528	2	40079213	10632
524	4	40071413	10633
521	3	40074300	10638
524	3	40075716	10632
526	2	120227347	31911
528	2	40072155	10632
526	2	80149848	21251
524	2	40077475	10637
526	2	80148547	21255
528	2	80147379	21249
526	2	40078759	10626
524	2	40084089	10627
526	2	40065308	10624
524	2	80150906	21242
526	2	40079364	10616
528	2	120223784	31888
530	2	40074372	10627
528	2	80150243	21270
524	4	280527870	74400
526	2	40074608	10624
524	2	40075742	10617
526	2	40074280	10621
524	2	80150029	21261
526	2	40077077	10639
528	2	40075927	10633
526	2	40071814	10563
530	4	40077381	10554
526	4	160300666	42485
528	2	40073787	10627
533	5	40078487	10625
535	2	40071581	10624
530	5	80152183	21269
528	2	40077837	10626
546	18	40073823	10625
537	9	40076697	10630
533	4	40074387	10629
535	2	40073789	10637
530	5	40075883	10625
533	3	40076128	10632
535	2	120221978	31882
530	5	40078198	10637
528	2	40074691	10631
533	5	40077641	10629
530	3	40071486	10622
528	2	40077782	10628
530	2	80151121	21261
535	5	80150162	21234
530	5	40073786	10629
532	2	40076513	10626
533	1	40074068	10629
530	3	80149626	21275
532	2	120229011	31901
530	2	320601492	85048
528	2	200373142	53133
530	2	80149842	21257
528	2	40076839	10635
530	2	80150490	21266
532	2	40076282	10634
530	2	40075085	10632
535	5	40075831	10623
530	5	120224742	31903
532	2	40074373	10631
530	2	40077123	10632
533	3	40075483	10635
532	1	40075847	10628
533	1	40071022	10628
532	1	80153737	21254
530	2	40074024	10629
533	3	40074905	10635
532	1	40077554	10634
537	5	40074722	10640
535	2	80147732	21263
530	5	120226036	31894
528	2	80152196	21243
532	4	160299668	42533
533	1	40074772	10633
530	3	40079317	10636
533	3	40073656	10637
528	5	40076462	10630
533	5	80148607	21269
530	3	80151213	21249
533	3	40074470	10619
535	2	120226272	31802
533	2	40073566	10628
535	2	40075787	10627
533	2	40073551	10625
530	3	40077387	10622
532	2	80149815	21254
535	3	80152945	21243
532	3	40075616	10628
530	2	40067000	10628
