reported recalculated kernel uses_mem
458.308 436.662 4 0
477.896 455.5149 4 0
491.704 469.5055 4 0
506.449 483.4068 4 0
515.032 492.4287 4 0
530.039 507.5592 4 0
543.453 520.59 4 0
561.872 538.8331 4 0
575.287 551.9163 4 0
590.914 566.9162 4 0
603.494 579.5014 4 0
607.067 583.1287 4 0
609.439 585.4678 4 0
617.488 593.3468 4 0
624.694 600.4116 4 0
625.964 601.2313 4 0
627.349 602.2342 4 0
623.001 598.402 4 0
623.312 598.7219 4 0
620.134 595.5667 4 0
618.845 594.9294 4 0
628.97 603.6218 4 0
648.565 620.5334 4 0
655.153 629.1996 4 0
669.116 642.8449 4 0
682.082 653.3565 4 0
699.891 673.0264 4 0
715.645 686.522 4 0
733.182 705.3625 4 0
741.823 714.6043 4 0
756.714 728.3502 4 0
763.138 735.9761 4 0
781.238 753.587 4 0
792.481 764.3535 4 0
801.206 772.8974 4 0
807.846 779.31 4 0
807.348 778.6663 4 0
806.36 777.1851 4 0
808.372 779.7097 4 0
811.234 782.7525 4 0
812.942 784.38 4 0
817.352 788.3755 4 0
809.48 780.5058 4 0
813.401 784.4561 4 0
460.475 438.6417 14 1
478.375 455.9682 14 1
494.57 472.5618 14 1
515.077 492.0669 14 1
529.421 506.6373 14 1
548.029 524.5661 14 1
557.567 534.4179 14 1
574.705 551.3401 14 1
587.451 564.2643 14 1
606.225 582.2809 14 1
619.985 595.8495 14 1
624.219 600.018 14 1
630.301 604.9005 14 1
633.262 607.7576 14 1
634.901 609.0433 14 1
633.121 607.4606 14 1
638.432 612.1009 14 1
639.822 612.9957 14 1
641.924 614.288 14 1
637.092 610.6102 14 1
634.123 607.8801 14 1
627.958 602.4856 14 1
650.115 622.8745 14 1
664.272 638.5516 14 1
686.001 659.7817 14 1
695.741 670.4965 14 1
714.016 686.2493 14 1
721.817 696.5522 14 1
740.853 716.1714 14 1
757.2 731.8037 14 1
776.124 752.364 14 1
792.03 767.7458 14 1
798.33 774.4319 14 1
802.358 778.3822 14 1
808.238 784.4258 14 1
814.242 789.9568 14 1
821.606 796.3147 14 1
826.312 801.0835 14 1
827.481 802.4796 14 1
824.507 799.1621 14 1
823.486 797.6923 14 1
823.501 797.296 14 1
824.543 797.3631 14 1
827.372 800.0738 14 1
465.705 443.3216 5 0
481.472 459.5636 5 0
493.128 471.4338 5 0
509.573 487.2015 5 0
523.382 501.3098 5 0
544.451 521.6046 5 0
559.274 536.2602 5 0
579.034 556.1056 5 0
589.239 565.8365 5 0
601.3 577.9675 5 0
602.477 579.1945 5 0
610.403 587.0984 5 0
625.006 600.9793 5 0
626.819 602.352 5 0
622.74 598.6271 5 0
619.252 595.2082 5 0
616.364 592.5889 5 0
619.373 595.5861 5 0
621.008 596.8217 5 0
620.248 595.8535 5 0
618.415 593.9286 5 0
614.311 589.9657 5 0
629.092 604.6776 5 0
643.324 616.042 5 0
661.045 635.4259 5 0
679.225 651.5104 5 0
698.722 672.219 5 0
714.932 686.6187 5 0
728.458 701.3783 5 0
739.532 712.5913 5 0
756.124 728.0859 5 0
769.497 742.1377 5 0
779.899 752.6335 5 0
787.245 759.1291 5 0
796.638 768.3433 5 0
795.133 766.854 5 0
794.122 766.2012 5 0
794.387 766.5316 5 0
796.144 768.236 5 0
801.625 773.6057 5 0
802.602 774.3998 5 0
797.551 769.7069 5 0
792.852 764.5219 5 0
789.74 761.4031 5 0
460.617 438.6851 13 1
480.296 458.4683 13 1
496.215 473.5153 13 1
516.367 493.9212 13 1
526.691 504.1185 13 1
542.275 519.4155 13 1
553.571 531.593 13 1
574.132 551.3037 13 1
589.419 565.8298 13 1
607.776 583.8647 13 1
623.166 598.934 13 1
619.625 595.2827 13 1
624.205 599.8846 13 1
633.624 608.3567 13 1
637.46 611.7043 13 1
646.686 618.3119 13 1
643.285 616.3818 13 1
648.471 620.1893 13 1
646.433 617.718 13 1
640.89 613.907 13 1
645.337 616.521 13 1
644.315 616.3574 13 1
661.948 636.3039 13 1
678.883 651.6701 13 1
691.459 666.1611 13 1
700.751 676.1639 13 1
719.454 694.263 13 1
732.863 709.3525 13 1
755.531 730.3998 13 1
768.984 744.8586 13 1
788.791 762.6328 13 1
796.352 772.3802 13 1
808.136 783.8687 13 1
813.989 788.7844 13 1
823.942 796.4335 13 1
837.001 808.8781 13 1
843.473 813.8661 13 1
843.984 813.3528 13 1
845.216 813.2049 13 1
842.796 810.1404 13 1
847.888 814.4929 13 1
853.691 817.9977 13 1
858.52 821.3884 13 1
856.656 819.1783 13 1
461.982 439.5455 10 0
477.291 454.8038 10 0
488.395 466.2105 10 0
510.082 486.5939 10 0
522.716 499.9082 10 0
543.178 519.6574 10 0
552.943 529.7488 10 0
568.638 545.6183 10 0
577.633 554.8234 10 0
593.557 569.8031 10 0
609.359 585.6539 10 0
611.361 587.22 10 0
622.188 597.734 10 0
623.733 599.2253 10 0
622.508 598.0413 10 0
617.115 592.4592 10 0
621.765 596.8565 10 0
621.823 596.9542 10 0
625.409 600.5914 10 0
629.529 604.0732 10 0
620.357 595.7006 10 0
617.551 592.9471 10 0
640.613 613.885 10 0
651.963 625.1079 10 0
670.401 643.9449 10 0
685.004 657.2974 10 0
700.952 674.2292 10 0
711.63 683.822 10 0
726.499 699.3172 10 0
737.996 711.1616 10 0
758.385 730.6081 10 0
772.424 744.4677 10 0
788.082 759.4959 10 0
787.898 759.7079 10 0
794.763 766.7188 10 0
795.447 767.3721 10 0
802.775 774.3813 10 0
805.57 777.0423 10 0
808.679 780.3387 10 0
810.462 781.7516 10 0
806.813 778.4942 10 0
806.838 778.4598 10 0
797.825 769.4154 10 0
806.236 777.4375 10 0
462.847 440.4962 7 1
484.101 461.3523 7 1
494.505 471.7505 7 1
510.604 487.3614 7 1
521.796 499.1025 7 1
541.453 518.2668 7 1
557.003 533.5097 7 1
577.16 553.4111 7 1
592.047 567.6128 7 1
604.995 580.6814 7 1
616.474 592.4533 7 1
615.536 591.5617 7 1
625.541 601.1762 7 1
633.101 607.7019 7 1
639.809 613.1909 7 1
636.681 610.4333 7 1
638.053 611.5753 7 1
632.466 606.6087 7 1
633.738 607.6179 7 1
636.906 610.3721 7 1
637.033 610.5291 7 1
642.764 614.7092 7 1
656.284 629.9324 7 1
666.659 640.3096 7 1
685.643 658.6617 7 1
698.625 672.4482 7 1
720.921 693.8361 7 1
733.676 707.7173 7 1
754.699 727.8103 7 1
763.641 737.8184 7 1
779.64 754.3683 7 1
790.046 764.2369 7 1
805.55 780.4865 7 1
809.167 784.3219 7 1
822.364 796.9654 7 1
824.168 799.0948 7 1
825.043 799.8315 7 1
826.491 801.201 7 1
827.939 802.906 7 1
830.992 805.6956 7 1
835.601 810.5342 7 1
838.783 813.7597 7 1
831.372 805.7605 7 1
835.601 810.3128 7 1
460.737 438.5239 8 1
480.277 457.9446 8 1
496.917 474.1659 8 1
517.872 494.7837 8 1
533.778 510.861 8 1
549.623 526.1536 8 1
560.756 537.5743 8 1
578.266 555.4746 8 1
594.33 570.6363 8 1
612.221 588.3273 8 1
620.932 596.9105 8 1
624.224 599.4209 8 1
632.876 607.3252 8 1
629.503 604.1592 8 1
631.417 605.6833 8 1
630.841 605.2462 8 1
635.515 609.777 8 1
637.2 610.6394 8 1
638.792 612.1161 8 1
632.042 606.1105 8 1
625.076 599.9358 8 1
625.8 601.0337 8 1
651.457 623.8402 8 1
662.83 637.1129 8 1
685.257 658.6704 8 1
694.439 669.5367 8 1
711.422 685.0349 8 1
722.547 697.0303 8 1
742.541 718.0112 8 1
759.528 734.2797 8 1
780.356 754.752 8 1
793.47 768.0968 8 1
796.478 771.8433 8 1
800.505 776.0622 8 1
806.857 782.9407 8 1
813.103 788.3997 8 1
819.6 795.026 8 1
819.054 794.387 8 1
821.49 796.5437 8 1
817.915 793.3912 8 1
815.832 791.2136 8 1
815.605 791.4193 8 1
816.947 792.182 8 1
820.626 795.3885 8 1
