occ_sum input_sum
366.6464 516.644820497305
367.6464 517.900085573776
368.6464 519.154772415832
369.6464 520.408881023474
370.6464 521.6624113967
371.6464 522.915363535512
372.6464 524.16773743991
373.6464 525.419533109892
374.6464 526.670750545459
375.6464 527.921389746612
376.6464 529.17145071335
377.6464 530.420933445673
378.6464 531.669837943581
379.6464 532.918164207075
380.6464 534.165912236154
381.6464 535.413082030818
382.6464 536.659673591067
383.6464 537.905686916901
384.6464 539.15112200832
385.6464 540.395978865325
386.6464 541.640257487915
387.6464 542.88395787609
388.6464 544.12708002985
389.6464 545.369623949196
390.6464 546.611589634126
391.6464 547.852977084642
392.6464 549.093786300743
393.6464 550.334017282429
394.6464 551.573670029701
395.6464 552.812744542558
396.6464 554.051240820999
397.6464 555.289158865026
398.6464 556.526498674639
399.6464 557.763260249836
400.6464 558.999443590619
401.6464 560.235048696986
402.6464 561.470075568939
403.6464 562.704524206477
404.6464 563.938394609601
405.6464 565.171686778309
406.6464 566.404400712603
407.6464 567.636536412482
408.6464 568.868093877946
409.6464 570.099073108996
410.6464 571.32947410563
411.6464 572.55929686785
412.6464 573.788541395655
413.6464 575.017207689045
414.6464 576.24529574802
415.6464 577.472805572581
416.6464 578.699737162726
417.6464 579.926090518457
418.6464 581.151865639773
419.6464 582.377062526675
420.6464 583.601681179161
421.6464 584.825721597233
422.6464 586.04918378089
423.6464 587.272067730132
424.6464 588.494373444959
425.6464 589.716100925372
426.6464 590.937250171369
427.6464 592.157821182952
428.6464 593.37781396012
429.6464 594.597228502873
430.6464 595.816064811212
431.6464 597.034322885135
432.6464 598.252002724644
433.6464 599.469104329738
434.6464 600.685627700417
435.6464 601.901572836682
436.6464 603.116939738531
437.6464 604.331728405966
438.6464 605.545938838986
439.6464 606.759571037591
440.6464 607.972625001782
441.6464 609.185100731557
442.6464 610.396998226918
443.6464 611.608317487864
444.6464 612.819058514395
445.6464 614.029221306511
446.6464 615.238805864213
447.6464 616.447812187499
448.6464 617.656240276371
449.6464 618.864090130829
450.6464 620.071361750871
451.6464 621.278055136498
452.6464 622.484170287711
453.6464 623.689707204509
454.6464 624.894665886892
455.6464 626.09904633486
456.6464 627.302848548414
457.6464 628.506072527553
458.6464 629.708718272276
459.6464 630.910785782585
460.6464 632.11227505848
461.6464 633.313186099959
462.6464 634.513518907024
463.6464 635.713273479674
464.6464 636.912449817909
465.6464 638.111047921729
466.6464 639.309067791134
467.6464 640.506509426125
468.6464 641.703372826701
469.6464 642.899657992862
470.6464 644.095364924608
471.6464 645.290493621939
472.6464 646.485044084856
473.6464 647.679016313358
474.6464 648.872410307445
475.6464 650.065226067117
476.6464 651.257463592374
477.6464 652.449122883217
478.6464 653.640203939645
479.6464 654.830706761658
480.6464 656.020631349256
481.6464 657.209977702439
482.6464 658.398745821208
483.6464 659.586935705561
484.6464 660.7745473555
485.6464 661.961580771024
486.6464 663.148035952134
487.6464 664.333912898828
488.6464 665.519211611108
489.6464 666.703932088973
490.6464 667.888074332423
491.6464 669.071638341458
492.6464 670.254624116079
493.6464 671.437031656284
494.6464 672.618860962075
495.6464 673.800112033451
496.6464 674.980784870412
497.6464 676.160879472959
498.6464 677.34039584109
499.6464 678.519333974807
500.6464 679.697693874109
501.6464 680.875475538997
502.6464 682.052678969469
503.6464 683.229304165527
504.6464 684.405351127169
505.6464 685.580819854397
506.6464 686.755710347211
507.6464 687.930022605609
508.6464 689.103756629593
509.6464 690.276912419161
510.6464 691.449489974315
511.6464 692.621489295055
512.6464 693.792910381379
513.6464 694.963753233289
514.6464 696.134017850783
515.6464 697.303704233863
516.6464 698.472812382528
517.6464 699.641342296779
518.6464 700.809293976614
519.6464 701.976667422035
520.6464 703.143462633041
521.6464 704.309679609632
522.6464 705.475318351808
523.6464 706.64037885957
524.6464 707.804861132917
525.6464 708.968765171849
526.6464 710.132090976366
527.6464 711.294838546468
528.6464 712.457007882155
529.6464 713.618598983428
530.6464 714.779611850286
531.6464 715.940046482729
532.6464 717.099902880757
533.6464 718.259181044371
534.6464 719.417880973569
535.6464 720.576002668353
536.6464 721.733546128722
537.6464 722.890511354676
538.6464 724.046898346216
539.6464 725.20270710334
540.6464 726.35793762605
541.6464 727.512589914345
542.6464 728.666663968225
543.6464 729.820159787691
544.6464 730.973077372741
545.6464 732.125416723377
546.6464 733.277177839598
547.6464 734.428360721404
548.6464 735.578965368796
549.6464 736.728991781772
550.6464 737.878439960334
551.6464 739.027309904481
552.6464 740.175601614213
553.6464 741.32331508953
554.6464 742.470450330433
555.6464 743.617007336921
556.6464 744.762986108994
557.6464 745.908386646652
558.6464 747.053208949895
559.6464 748.197453018724
560.6464 749.341118853137
561.6464 750.484206453136
562.6464 751.62671581872
563.6464 752.768646949889
564.6464 753.909999846644
565.6464 755.050774508984
566.6464 756.190970936909
567.6464 757.330589130419
568.6464 758.469629089514
569.6464 759.608090814194
570.6464 760.74597430446
571.6464 761.883279560311
572.6464 763.020006581747
573.6464 764.156155368768
574.6464 765.291725921375
575.6464 766.426718239566
576.6464 767.561132323343
577.6464 768.694968172705
578.6464 769.828225787652
579.6464 770.960905168185
580.6464 772.093006314302
581.6464 773.224529226005
582.6464 774.355473903293
583.6464 775.485840346166
584.6464 776.615628554624
585.6464 777.744838528668
586.6464 778.873470268297
587.6464 780.001523773511
588.6464 781.12899904431
589.6464 782.255896080694
590.6464 783.382214882664
591.6464 784.507955450218
592.6464 785.633117783358
593.6464 786.757701882083
594.6464 787.881707746394
595.6464 789.005135376289
596.6464 790.12798477177
597.6464 791.250255932836
598.6464 792.371948859487
599.6464 793.493063551723
600.6464 794.613600009545
601.6464 795.733558232951
602.6464 796.852938221943
603.6464 797.97173997652
604.6464 799.089963496683
605.6464 800.20760878243
606.6464 801.324675833763
607.6464 802.441164650681
608.6464 803.557075233184
609.6464 804.672407581272
610.6464 805.787161694945
611.6464 806.901337574204
612.6464 808.014935219048
613.6464 809.127954629477
614.6464 810.240395805491
615.6464 811.35225874709
616.6464 812.463543454275
617.6464 813.574249927045
618.6464 814.6843781654
619.6464 815.79392816934
620.6464 816.902899938865
621.6464 818.011293473976
622.6464 819.119108774672
623.6464 820.226345840952
624.6464 821.333004672819
625.6464 822.43908527027
626.6464 823.544587633306
627.6464 824.649511761928
628.6464 825.753857656135
629.6464 826.857625315927
630.6464 827.960814741304
631.6464 829.063425932267
632.6464 830.165458888815
633.6464 831.266913610948
634.6464 832.367790098666
635.6464 833.468088351969
636.6464 834.567808370857
637.6464 835.666950155331
638.6464 836.76551370539
639.6464 837.863499021034
640.6464 838.960906102263
641.6464 840.057734949078
642.6464 841.153985561477
643.6464 842.249657939462
644.6464 843.344752083032
645.6464 844.439267992188
646.6464 845.533205666928
647.6464 846.626565107254
648.6464 847.719346313164
649.6464 848.81154928466
650.6464 849.903174021742
651.6464 850.994220524408
652.6464 852.08468879266
653.6464 853.174578826496
654.6464 854.263890625918
655.6464 855.352624190926
656.6464 856.440779521518
657.6464 857.528356617695
658.6464 858.615355479458
659.6464 859.701776106806
660.6464 860.787618499739
661.6464 861.872882658258
662.6464 862.957568582361
663.6464 864.04167627205
664.6464 865.125205727324
665.6464 866.208156948183
666.6464 867.290529934627
667.6464 868.372324686657
668.6464 869.453541204271
669.6464 870.534179487471
670.6464 871.614239536256
671.6464 872.693721350627
672.6464 873.772624930582
673.6464 874.850950276123
674.6464 875.928697387249
675.6464 877.00586626396
676.6464 878.082456906256
677.6464 879.158469314138
678.6464 880.233903487604
679.6464 881.308759426656
680.6464 882.383037131293
681.6464 883.456736601515
682.6464 884.529857837323
683.6464 885.602400838715
684.6464 886.674365605693
685.6464 887.745752138256
686.6464 888.816560436404
687.6464 889.886790500138
688.6464 890.956442329456
689.6464 892.02551592436
690.6464 893.094011284849
691.6464 894.161928410923
692.6464 895.229267302583
693.6464 896.296027959827
694.6464 897.362210382657
695.6464 898.427814571072
696.6464 899.492840525072
697.6464 900.557288244657
698.6464 901.621157729828
699.6464 902.684448980584
700.6464 903.747161996925
701.6464 904.809296778851
702.6464 905.870853326362
703.6464 906.931831639459
704.6464 907.99223171814
705.6464 909.052053562407
706.6464 910.111297172259
707.6464 911.169962547697
708.6464 912.228049688719
709.6464 913.285558595327
710.6464 914.342489267519
711.6464 915.398841705298
712.6464 916.454615908661
713.6464 917.509811877609
714.6464 918.564429612143
715.6464 919.618469112262
716.6464 920.671930377966
717.6464 921.724813409255
718.6464 922.77711820613
719.6464 923.828844768589
720.6464 924.879993096634
721.6464 925.930563190264
722.6464 926.980555049479
723.6464 928.02996867428
724.6464 929.078804064665
725.6464 930.127061220636
726.6464 931.174740142192
727.6464 932.221840829333
728.6464 933.268363282059
729.6464 934.314307500371
730.6464 935.359673484268
731.6464 936.40446123375
732.6464 937.448670748817
733.6464 938.492302029469
734.6464 939.535355075707
735.6464 940.57782988753
736.6464 941.619726464937
737.6464 942.661044807931
738.6464 943.701784916509
739.6464 944.741946790672
740.6464 945.781530430421
741.6464 946.820535835755
742.6464 947.858963006674
743.6464 948.896811943178
744.6464 949.934082645268
745.6464 950.970775112942
746.6464 952.006889346202
747.6464 953.042425345047
748.6464 954.077383109478
749.6464 955.111762639493
750.6464 956.145563935094
751.6464 957.17878699628
752.6464 958.211431823051
753.6464 959.243498415407
754.6464 960.274986773348
755.6464 961.305896896875
756.6464 962.336228785987
757.6464 963.365982440684
758.6464 964.395157860966
759.6464 965.423755046833
760.6464 966.451773998286
761.6464 967.479214715324
762.6464 968.506077197947
763.6464 969.532361446155
764.6464 970.558067459948
765.6464 971.583195239327
766.6464 972.607744784291
767.6464 973.631716094839
768.6464 974.655109170974
769.6464 975.677924012693
770.6464 976.700160619997
771.6464 977.721818992887
772.6464 978.742899131362
773.6464 979.763401035422
774.6464 980.783324705068
775.6464 981.802670140298
776.6464 982.821437341114
777.6464 983.839626307515
778.6464 984.857237039501
779.6464 985.874269537072
780.6464 986.890723800228
781.6464 987.90659982897
782.6464 988.921897623297
783.6464 989.936617183209
784.6464 990.950758508706
785.6464 991.964321599789
786.6464 992.977306456456
787.6464 993.989713078709
788.6464 995.001541466547
789.6464 996.01279161997
790.6464 997.023463538979
791.6464 998.033557223573
792.6464 999.043072673751
793.6464 1000.05200988952
794.6464 1001.06036887086
795.6464 1002.0681496178
796.6464 1003.07535213032
797.6464 1004.08197640842
798.6464 1005.08802245211
799.6464 1006.09349026139
800.6464 1007.09837983625
801.6464 1008.10269117669
802.6464 1009.10642428273
803.6464 1010.10957915434
804.6464 1011.11215579154
805.6464 1012.11415419433
806.6464 1013.1155743627
807.6464 1014.11641629666
808.6464 1015.1166799962
809.6464 1016.11636546133
810.6464 1017.11547269204
811.6464 1018.11400168834
812.6464 1019.11195245022
813.6464 1020.10932497769
814.6464 1021.10611927074
815.6464 1022.10233532938
816.6464 1023.0979731536
817.6464 1024.09303274341
818.6464 1025.0875140988
819.6464 1026.08141721978
820.6464 1027.07474210635
821.6464 1028.0674887585
822.6464 1029.05965717623
823.6464 1030.05124735955
824.6464 1031.04225930846
825.6464 1032.03269302295
826.6464 1033.02254850302
827.6464 1034.01182574868
828.6464 1035.00052475993
829.6464 1035.98864553676
830.6464 1036.97618807918
831.6464 1037.96315238718
832.6464 1038.94953846076
833.6464 1039.93534629994
834.6464 1040.92057590469
835.6464 1041.90522727503
836.6464 1042.88930041096
837.6464 1043.87279531247
838.6464 1044.85571197957
839.6464 1045.83805041225
840.6464 1046.81981061052
841.6464 1047.80099257438
842.6464 1048.78159630381
843.6464 1049.76162179884
844.6464 1050.74106905945
845.6464 1051.71993808564
846.6464 1052.69822887742
847.6464 1053.67594143479
848.6464 1054.65307575774
849.6464 1055.62963184627
850.6464 1056.60560970039
851.6464 1057.5810093201
852.6464 1058.55583070539
853.6464 1059.53007385626
854.6464 1060.50373877272
855.6464 1061.47682545477
856.6464 1062.4493339024
857.6464 1063.42126411562
858.6464 1064.39261609442
859.6464 1065.3633898388
860.6464 1066.33358534878
861.6464 1067.30320262433
862.6464 1068.27224166548
863.6464 1069.2407024722
864.6464 1070.20858504452
865.6464 1071.17588938241
866.6464 1072.1426154859
867.6464 1073.10876335497
868.6464 1074.07433298962
869.6464 1075.03932438986
870.6464 1076.00373755568
871.6464 1076.96757248709
872.6464 1077.93082918409
873.6464 1078.89350764667
874.6464 1079.85560787483
875.6464 1080.81712986858
876.6464 1081.77807362792
877.6464 1082.73843915284
878.6464 1083.69822644334
879.6464 1084.65743549943
880.6464 1085.61606632111
881.6464 1086.57411890837
882.6464 1087.53159326122
883.6464 1088.48848937965
884.6464 1089.44480726366
885.6464 1090.40054691327
886.6464 1091.35570832845
887.6464 1092.31029150923
888.6464 1093.26429645558
889.6464 1094.21772316753
890.6464 1095.17057164505
891.6464 1096.12284188817
892.6464 1097.07453389686
893.6464 1098.02564767115
894.6464 1098.97618321102
895.6464 1099.92614051647
896.6464 1100.87551958751
897.6464 1101.82432042413
898.6464 1102.77254302634
899.6464 1103.72018739414
900.6464 1104.66725352752
901.6464 1105.61374142648
902.6464 1106.55965109103
903.6464 1107.50498252117
904.6464 1108.44973571689
905.6464 1109.39391067819
906.6464 1110.33750740509
907.6464 1111.28052589756
908.6464 1112.22296615562
909.6464 1113.16482817927
910.6464 1114.1061119685
911.6464 1115.04681752332
912.6464 1115.98694484372
913.6464 1116.92649392971
914.6464 1117.86546478128
915.6464 1118.80385739844
916.6464 1119.74167178118
917.6464 1120.67890792951
918.6464 1121.61556584342
919.6464 1122.55164552292
920.6464 1123.487146968
921.6464 1124.42207017867
922.6464 1125.35641515493
923.6464 1126.29018189677
924.6464 1127.22337040419
925.6464 1128.1559806772
926.6464 1129.0880127158
927.6464 1130.01946651998
928.6464 1130.95034208974
929.6464 1131.88063942509
930.6464 1132.81035852603
931.6464 1133.73949939255
932.6464 1134.66806202465
933.6464 1135.59604642235
934.6464 1136.52345258562
935.6464 1137.45028051448
936.6464 1138.37653020893
937.6464 1139.30220166896
938.6464 1140.22729489458
939.6464 1141.15180988578
940.6464 1142.07574664257
941.6464 1142.99910516494
942.6464 1143.9218854529
943.6464 1144.84408750644
944.6464 1145.76571132557
945.6464 1146.68675691029
946.6464 1147.60722426058
947.6464 1148.52711337647
948.6464 1149.44642425794
949.6464 1150.36515690499
950.6464 1151.28331131763
951.6464 1152.20088749586
952.6464 1153.11788543967
953.6464 1154.03430514906
954.6464 1154.95014662404
955.6464 1155.86540986461
956.6464 1156.78009487076
957.6464 1157.69420164249
958.6464 1158.60773017981
959.6464 1159.52068048272
960.6464 1160.43305255121
961.6464 1161.34484638529
962.6464 1162.25606198495
963.6464 1163.1666993502
964.6464 1164.07675848103
965.6464 1164.98623937745
966.6464 1165.89514203945
967.6464 1166.80346646704
968.6464 1167.71121266021
969.6464 1168.61838061897
970.6464 1169.52497034331
971.6464 1170.43098183324
972.6464 1171.33641508876
973.6464 1172.24127010985
974.6464 1173.14554689654
975.6464 1174.04924544881
976.6464 1174.95236576666
977.6464 1175.8549078501
978.6464 1176.75687169913
979.6464 1177.65825731374
980.6464 1178.55906469393
981.6464 1179.45929383971
982.6464 1180.35894475108
983.6464 1181.25801742803
984.6464 1182.15651187057
985.6464 1183.05442807869
986.6464 1183.95176605239
987.6464 1184.84852579169
988.6464 1185.74470729656
989.6464 1186.64031056702
990.6464 1187.53533560307
991.6464 1188.4297824047
992.6464 1189.32365097192
993.6464 1190.21694130473
994.6464 1191.10965340311
995.6464 1192.00178726709
996.6464 1192.89334289665
997.6464 1193.78432029179
998.6464 1194.67471945252
999.6464 1195.56454037883
1000.6464 1196.45378307073
1001.6464 1197.34244752822
1002.6464 1198.23053375129
1003.6464 1199.11804173994
1004.6464 1200.00497149418
1005.6464 1200.89132301401
1006.6464 1201.77709629942
1007.6464 1202.66229135041
1008.6464 1203.54690816699
1009.6464 1204.43094674916
1010.6464 1205.31440709691
1011.6464 1206.19728921025
1012.6464 1207.07959308917
1013.6464 1207.96131873367
1014.6464 1208.84246614377
1015.6464 1209.72303531944
1016.6464 1210.60302626071
1017.6464 1211.48243896755
1018.6464 1212.36127343999
1019.6464 1213.239529678
1020.6464 1214.11720768161
1021.6464 1214.9943074508
1022.6464 1215.87082898557
1023.6464 1216.74677228593
1024.6464 1217.62213735187
1025.6464 1218.4969241834
1026.6464 1219.37113278051
1027.6464 1220.24476314321
1028.6464 1221.1178152715
1029.6464 1221.99028916537
