#time(s) power(W)
0.0435878125 251.725
0.083591494140625 258.95
0.119371625 232.7875
0.1735919765625 243.15
0.24361003515625 264.1375
0.283596806640625 284.9625
0.323598669921875 235.9875
0.3635995546875 236.9375
0.40359885546875 248.5375
0.44360042578125 256.2
0.483603419921875 287.0625
0.52363994921875 241.0
0.573622673828125 242.0125
0.643610044921875 252.0875
0.683611373046875 289.625
0.723612447265625 246.4875
0.76361252734375 231.5125
0.80360978515625 251.2125
0.843617830078125 247.625
0.8836255078125 289.8625
0.923636927734375 252.3
0.963616572265625 229.025
1.003620025390625 250.625
1.04362426953125 246.2375
1.08362194140625 287.325
1.123622978515625 258.2875
1.16362775 228.0875
1.199391916015625 250.7625
1.2436427578125 243.1875
1.283628994140625 284.325
1.3236272109375 264.7875
1.363628056640625 227.625
1.403627908203125 248.15
1.44363471875 242.3125
1.483631638671875 279.9
1.523635330078125 271.8375
1.56368785546875 227.7625
1.603658884765625 245.6625
1.639433419921875 242.05
1.68364094921875 275.725
1.72364187890625 278.1125
1.763642453125 230.7375
1.803640625 242.7375
1.843646814453125 244.175
1.8836461171875 269.9875
1.923672166015625 282.2625
1.9636451796875 232.825
2.003652830078125 239.975
2.043652537109375 246.3625
2.09365331640625 261.35
2.12365259375 286.0
2.163653642578125 237.1125
2.203654146484375 236.525
2.243668986328125 249.375
2.2794254921875 256.35
2.32365623046875 289.375
2.36366340234375 242.3
2.40366046484375 233.7375
2.443660783203125 250.3875
2.48366280078125 251.95
2.5236638515625 290.0375
2.563670001953125 246.8375
2.60369505859375 231.0375
2.643666716796875 251.375
2.68366891015625 247.0125
2.733671564453125 289.025
2.763673873046875 252.9375
2.8036720625 229.125
2.84367588671875 251.2125
2.883677345703125 245.35
2.919445224609375 288.0125
2.963680130859375 259.1125
3.003680396484375 227.9
3.043691423828125 249.9375
3.08368515234375 243.025
3.123689390625 283.6
3.16368266796875 265.3375
3.203686751953125 227.3625
3.24370187890625 248.3625
3.283691046875 242.9375
3.323692029296875 279.475
3.35945881640625 272.0625
3.4036949140625 228.625
3.443694548828125 245.8375
3.48369446484375 242.1625
3.523701314453125 274.0125
3.563717388671875 278.1625
3.60371462890625 229.675
3.643704529296875 242.5125
3.683700251953125 244.05
3.723701755859375 267.85
3.763700982421875 281.525
3.813704197265625 233.7125
3.84370584375 240.275
3.893721212890625 246.525
3.923728669921875 261.1875
3.963709873046875 286.8625
3.9995097421875 237.8375
4.043714515625 236.15
4.083711666015625 249.15
4.123713794921875 255.75
4.163719232421875 290.0375
4.203714548828125 241.825
4.24373787109375 233.15
4.28371932421875 250.6125
4.32371933203125 250.5875
4.363720775390625 289.4
4.40372073828125 246.725
4.453726009765625 230.8125
4.483727984375 251.525
4.52372780078125 247.425
4.563743 288.7125
4.603741326171875 253.1625
4.64373330078125 228.7375
4.6837326171875 250.8
4.723730921875 245.275
4.763734875 286.4625
4.803734287109375 259.925
4.8437360234375 227.7625
4.883753697265625 249.5125
4.92375826171875 243.3625
4.963738107421875 282.75
5.003742021484375 265.9125
5.04374505078125 227.3125
5.07951140625 247.7125
5.11951234765625 241.125
5.16374955078125 278.75
5.20375253125 272.8375
5.2437620859375 228.4625
5.2837491640625 244.9875
5.323751501953125 241.8625
5.363754173828125 273.075
5.403752640625 278.8625
5.443755296875 230.2875
5.48375733984375 241.8
5.52375623046875 244.925
5.56377618359375 267.05
5.603781234375 284.45
5.6437621015625 234.3625
5.683763509765625 239.1125
5.7195311328125 246.9875
5.763767921875 260.9375
5.803766359375 287.5375
5.843766580078125 237.95
5.883768060546875 235.5375
5.9237982578125 249.5875
5.9637686171875 255.025
6.003774232421875 289.425
6.043772734375 242.9
6.083778810546875 232.475
6.123775625 250.9375
6.163774755859375 249.775
6.203778689453125 289.7875
6.243827572265625 247.9125
6.2837814765625 230.5125
6.32378359765625 250.9
6.3659676640625 246.2125
6.403939958984375 288.975
6.443789560546875 254.05
6.483787810546875 228.6375
6.523790078125 250.65
6.559556943359375 245.4625
6.60380693359375 286.125
6.64379497265625 259.3375
6.68379620703125 227.8
6.723791599609375 249.1125
6.763800318359375 242.0875
6.80379760546875 282.075
6.843797615234375 267.575
6.88381385546875 227.825
6.923812791015625 247.6125
6.9638036640625 241.625
7.003804234375 278.3125
7.0438151640625 277.5625
7.083807408203125 229.35
7.12380821484375 244.7625
7.16380705859375 243.05
7.213806537109375 272.575
7.24382791015625 281.3375
7.28381677734375 231.6125
7.323812349609375 241.9875
7.363813119140625 245.2875
7.3995834765625 265.8125
7.4438151953125 284.25
7.483816318359375 235.1
7.5238185703125 238.4
7.5638388671875 247.725
7.603845171875 260.875
7.64382273046875 287.5
7.683824759765625 238.175
7.723829974609375 235.95
7.763827734375 249.8125
7.8038323359375 253.675
7.843829849609375 289.85
7.883831521484375 243.15
7.923846888671875 232.4
7.96383390625 251.0125
8.00383493359375 250.3125
8.039606333984375 288.575
8.083837265625 248.3
8.12383561328125 230.6375
8.1638428203125 251.6125
8.2038383671875 246.45
8.24385389453125 288.125
8.2838401953125 254.3875
8.323848416015625 228.375
8.36384261328125 250.85
8.403844705078125 244.1375
8.44385198046875 285.325
8.493846884765626 262.1375
8.52385061328125 227.7125
8.56386792578125 248.9375
8.60386749609375 242.725
8.643857404296876 281.675
8.679647732421875 268.575
8.72385532421875 227.575
8.763859736328126 246.9
8.803857453125 242.45
8.843862232421875 277.6125
8.89386563671875 275.5125
8.92388571875 229.0875
8.963865611328124 243.7
9.00386690625 242.9875
9.043869091796875 272.5875
9.08386708203125 281.1875
9.11963658203125 232.1375
9.163869228515624 241.1
9.20387855859375 245.55
9.24387976953125 263.4875
9.28387134375 285.175
9.32387534765625 235.25
9.3638815234375 237.8
9.403880365234375 247.925
9.443875462890626 258.875
9.483879265625 287.8625
9.52387948046875 238.45
9.563895548828125 234.6875
9.60390515625 250.2125
9.643882138671875 253.7
9.683888673828125 288.2875
9.7238866953125 243.2875
9.773887849609375 232.0375
9.8038873203125 250.5125
9.843890181640624 248.3375
9.883922638671875 288.475
9.923907458984376 250.4125
9.959687400390624 230.1
10.00389737890625 251.2
10.043898966796876 246.125
10.0838965234375 287.4
10.1196669140625 257.0125
10.163913203125 227.9875
10.20389975 252.1875
10.243915623046876 244.6625
10.283905630859374 284.9375
10.33390941015625 263.2
10.363906435546875 227.7
10.4039131796875 248.8875
10.44390680078125 242.8625
10.483911203125 280.95
10.5239097734375 271.475
10.563930974609375 227.475
10.6139138203125 246.6375
10.64391970703125 243.1
10.683915546875 277.0
10.72391870703125 276.3375
10.76391719921875 228.975
10.79968767578125 243.7125
10.843924537109375 243.35
10.883926572265626 270.9375
10.923980091796874 280.3
10.963927435546875 232.9125
11.003927009765626 240.775
11.043935560546876 245.625
11.083929138671875 264.2375
11.123928724609375 284.475
11.16392857421875 235.825
11.203935650390624 237.35
11.2539478515625 248.375
11.2839339921875 257.5125
11.323935244140625 287.5125
11.363935984375 239.9375
11.4039402421875 234.6375
11.439707533203125 250.0125
11.483944037109374 254.3125
11.523943654296875 289.475
11.56396445703125 245.1875
11.603959134765624 231.4125
11.6439490546875 250.9125
11.68394838671875 248.25
11.723947767578125 289.0875
11.763947537109376 250.9625
11.80395143359375 229.625
11.843949591796875 250.5875
11.893974560546875 245.9
11.923964978515626 288.1875
11.963958294921875 257.5375
12.003955990234376 228.4375
12.043961 250.3375
12.079726986328126 243.275
12.12396181640625 284.25
12.16396219140625 264.5875
12.2039642265625 227.7875
12.24398347265625 248.825
12.283968984375 242.3
12.323967359375 280.4375
12.36396567578125 272.0
12.403968244140625 228.175
12.44397337890625 246.2375
12.48397677734375 242.1375
12.523970763671874 275.5875
12.563980365234375 277.025
12.60399358203125 229.3
12.643978048828124 243.3375
12.683979955078126 243.6875
12.7197470859375 270.925
12.763982802734375 280.8375
12.80398337890625 232.85
12.843982486328125 240.3
12.88400080078125 246.025
12.924001392578125 263.975
12.96398853125 284.6125
13.003996578125 236.175
13.043991953125 237.05
13.083989822265625 248.35
13.133991513671875 256.475
13.17399229296875 287.825
13.203993412109375 240.6625
13.2440160859375 233.8
13.2839957578125 250.1875
13.323998560546874 251.85
13.3597666171875 290.0
13.40399736328125 247.4
13.443998984375 231.3125
13.484003298828124 251.575
13.52401773828125 253.7
13.56401708984375 289.975
13.60402296875 251.9875
13.644010908203125 229.2375
13.684007384765625 250.7625
13.7240073203125 246.0375
13.7640103046875 288.225
13.79978054296875 258.075
13.844012537109375 227.75
13.894011833984376 249.9375
13.924030255859375 243.425
13.96401811328125 284.3375
14.004020505859375 265.1875
14.04402636328125 227.425
14.0840229296875 248.1125
14.124026685546875 242.5375
14.16402539453125 279.5
14.20402934375 271.3125
14.254047482421875 228.3625
14.28403285546875 245.9625
14.324026369140626 242.2625
14.364032138671876 275.0375
14.4040358828125 277.125
14.439799966796874 230.1875
14.484034857421875 243.0625
14.524037259765626 244.025
14.56408326171875 268.05
14.60405053125 282.4625
14.6440388515625 232.575
14.684039908203125 239.9
14.724041796875 247.1875
14.764047021484375 261.675
14.80404269140625 286.4
14.844044935546876 235.9625
14.884044541015625 236.3875
14.92406130078125 249.225
14.964050234375 256.1
15.004047029296874 288.0625
15.0440630390625 241.0875
15.09413633203125 233.4625
15.119820701171875 250.825
15.164057640625 251.7125
15.214057828125 290.0125
15.244077328125 246.7625
15.28405825390625 231.0375
15.32406177734375 251.25
15.364093861328126 247.4125
15.40405841796875 289.075
15.444065103515625 253.0
15.484066625 228.725
15.524068712890625 250.6
15.564083703125 244.9875
15.604084484375 286.8375
15.644071021484375 259.4125
15.68407264453125 227.7375
15.7340698359375 249.325
15.76407341796875 242.6375
15.804074033203126 284.0125
15.84407521484375 265.4125
15.884095392578125 227.2375
15.964077720703125 245.34375
16.004080759765625 279.225
16.0440786484375 269.75
16.08408109375 228.2125
16.124086537109374 245.275
16.1640878984375 241.6125
16.204083029296875 274.45
16.244108107421876 278.4875
16.284089814453125 230.775
16.324091123046873 242.5375
16.404191634765624 255.8875
16.44409544921875 282.4
16.484094646484376 234.0625
16.524096861328125 239.325
16.56412967578125 246.725
16.604114185546877 261.0125
16.644104607421873 286.3375
16.684102224609376 237.6875
16.72409948828125 236.6625
16.76410223046875 249.6875
16.814105337890624 255.5875
16.8441047890625 289.525
16.884107875 242.5375
16.924119576171876 233.15
16.964112486328126 250.375
17.004111939453125 251.425
17.04411370703125 290.4125
17.084113294921874 247.95
17.1241139375 230.4
17.1641214609375 251.1
17.204117908203123 247.225
17.244135359375 289.0875
17.284121390625 253.375
17.3241237734375 228.6375
17.36412864453125 250.6875
17.4041215390625 244.9875
17.48412850390625 272.46875
17.5241261875 227.5625
17.564138072265624 249.5625
17.64413392578125 242.7375
17.684136130859375 282.825
17.72413573046875 267.5625
17.7641348515625 227.7875
17.80413639453125 247.475
17.844136603515626 241.4
17.879906568359374 278.3375
17.924164599609377 271.875
17.964138955078123 228.5
18.004142671875 245.0375
18.04414330859375 242.675
18.08414450390625 273.425
18.12414651953125 278.0875
18.1641470703125 230.8125
18.2041913984375 242.3375
18.2441613515625 244.825
18.28426648046875 267.0375
18.32415541015625 283.475
18.364153560546875 235.0
18.40415626953125 238.625
18.444154259765625 247.45
18.484161736328126 260.8625
18.534178814453124 262.95
18.604172625 235.4625
18.644159294921874 249.525
18.68416385546875 253.7875
18.71993230859375 290.0
18.76417001953125 242.6875
18.8041653203125 232.525
18.8441700703125 250.6625
18.894186169921873 268.975
18.9641734375 247.3875
19.00417193359375 230.325
19.044188892578124 250.7625
19.084174267578124 247.475
19.134176677734374 270.725
19.20417945703125 228.6125
19.24422819140625 250.35
19.2841842734375 245.8
19.324181134765624 286.65
19.359952009765625 260.15
19.4041903359375 227.6875
19.4441872265625 249.25
19.48419053515625 241.9875
19.52418694140625 282.1
19.564210646484376 268.2375
19.604203609375 227.6375
19.644192435546874 247.3625
19.68419373828125 241.525
19.72419346875 277.7875
19.76419849609375 275.1
19.8141983125 236.84375
19.884210568359375 242.5375
19.92422429296875 272.6
19.96420176171875 281.35
19.99997306640625 231.1625
