#time(s) power(W)
0.043372177734375 245.0
0.083246212890625 260.0
0.11901073046875 260.0
0.163251890625 271.0
0.203248533203125 267.0
0.24325071875 248.0
0.28325442578125 249.0
0.323247623046875 268.0
0.363254390625 272.0
0.40325425 258.0
0.443273443359375 225.0
0.483254986328125 260.0
0.523258888671875 266.0
0.563253935546875 257.0
0.613261306640625 260.0
0.6432581953125 260.0
0.68325796875 274.0
0.723259109375 264.0
0.763268923828125 256.0
0.799031841796875 245.0
0.8432663515625 259.0
0.88326490234375 276.0
0.92326683203125 260.0
0.96326853515625 243.0
1.0032751875 254.0
1.04327045703125 271.0
1.083273111328125 268.0
1.123277328125 236.0
1.163273302734375 254.0
1.2032756640625 278.0
1.243279296875 268.0
1.283277982421875 257.0
1.3232787421875 239.0
1.36327902734375 270.0
1.403283892578125 264.0
1.453281375 235.0
1.483283787109375 235.0
1.523288859375 253.0
1.563288154296875 268.0
1.60328799609375 270.0
1.63905775 253.0
1.68330517578125 253.0
1.723290978515625 278.0
1.763296619140625 260.0
1.80329513671875 256.0
1.84329731640625 233.0
1.8832965546875 259.0
1.923298603515625 267.0
1.9632997265625 260.0
2.00329945703125 242.0
2.04330422265625 255.0
2.08330554296875 266.0
2.12330252734375 267.0
2.163345455078125 249.0
2.203313197265625 247.0
2.24330631640625 270.0
2.279077607421875 274.0
2.323313078125 260.0
2.363313236328125 233.0
2.40331333203125 251.0
2.44331747265625 281.0
2.4833187421875 270.0
2.52331933984375 252.0
2.563321859375 254.0
2.603321259765625 270.0
2.643317736328125 268.0
2.68332278515625 255.0
2.723324916015625 253.0
2.763322810546875 276.0
2.803322130859375 269.0
2.843326875 259.0
2.883328142578125 231.0
2.919113916015625 262.0
2.963329845703125 262.0
3.0033311640625 270.0
3.04334059375 247.0
3.083334810546875 258.0
3.123334408203125 285.0
3.163337900390625 263.0
3.203339431640625 256.0
3.243341998046875 234.0
3.2833393046875 263.0
3.323339876953125 267.0
3.373341029296875 245.0
3.40334624609375 245.0
3.443343732421875 252.0
3.483347849609375 270.0
3.523345724609375 266.0
3.563350212890625 254.0
3.603356232421875 249.0
3.64334969921875 276.0
3.683352740234375 259.0
3.723389083984375 260.0
3.763354037109375 234.0
3.81335496484375 262.0
3.8433545 262.0
3.893360150390625 236.0
3.92336337109375 236.0
3.9633607734375 259.0
4.003362396484375 271.0
4.043363095703125 269.0
4.08336366015625 257.0
4.123370958984375 247.0
4.163368009765625 271.0
4.203368439453125 265.0
4.2533730546875 230.0
4.28336965234375 230.0
4.323370279296875 261.0
4.363373666015625 268.0
4.40337490234375 271.0
4.43914389453125 241.0
4.483377373046875 252.0
4.523380884765625 277.0
4.563381787109375 266.0
4.603378423828125 261.0
4.643387216796875 245.0
4.683383306640625 264.0
4.723383953125 270.0
4.763391859375 258.0
4.8033856875 239.0
4.843390814453125 259.0
4.879184591796875 275.0
4.92339161328125 269.0
4.963390443359375 247.0
5.003394619140625 252.0
5.053397107421875 264.0
5.083396892578125 264.0
5.1191648828125 254.0
5.163400818359375 238.0
5.20340153125 261.0
5.2434137265625 269.0
5.28340544140625 258.0
5.333423791015625 259.0
5.3634056953125 259.0
5.40340407421875 276.0
5.4434091796875 267.0
5.48340916796875 247.0
5.51917694140625 251.0
5.563409208984375 272.0
5.603415783203125 264.0
5.6434141015625 252.0
5.683418298828125 239.0
5.723414458984375 266.0
5.763415162109375 270.0
5.803421603515625 259.0
5.843420607421875 242.0
5.883639314453125 256.0
5.92342550390625 264.0
5.97342439453125 266.0
6.003423966796875 248.0
6.043425623046875 257.0
6.08342474609375 275.0
6.12342982421875 274.0
6.163437482421875 259.0
6.203683451171875 233.0
6.24343209765625 263.0
6.28343365625 267.0
6.323439478515625 270.0
6.363433447265625 240.0
6.40343824609375 256.0
6.4434376875 276.0
6.48344019921875 266.0
6.523443712890625 251.0
6.563442412109375 242.0
6.599210099609375 268.0
6.643445859375 273.0
6.68344333984375 260.0
6.7234773671875 241.0
6.763450173828125 257.0
6.80345071875 263.0
6.8434526171875 268.0
6.88345012109375 246.0
6.92344959765625 258.0
6.963454546875 270.0
7.0034548359375 263.0
7.04346415625 260.0
7.08346171484375 231.0
7.1234550625 262.0
7.163460583984375 268.0
7.2034755703125 260.0
7.253460517578125 240.0
7.28346183203125 258.0
7.3234689921875 267.0
7.363470224609375 269.0
7.403468791015625 246.0
7.4392361015625 252.0
7.48347181640625 273.0
7.523468822265625 275.0
7.5634693515625 261.0
7.6034767109375 230.0
7.64347564453125 264.0
7.683474662109375 257.0
7.723479021484375 259.0
7.7634776015625 240.0
7.803479087890625 256.0
7.843478919921875 267.0
7.893482076171875 267.0
7.923481478515625 254.0
7.96348312890625 246.0
8.003487208984374 262.0
8.043496025390626 271.0
8.083489353515626 258.0
8.1234923046875 238.0
8.163492146484375 262.0
8.203490123046874 271.0
8.24349559765625 268.0
8.2834934375 253.0
8.3234990234375 258.0
8.363495634765625 271.0
8.403499470703125 262.0
8.443504619140626 253.0
8.48350072265625 246.0
8.51926937109375 262.0
8.56350296484375 267.0
8.603501244140626 260.0
8.643505150390626 242.0
8.68350534375 255.0
8.723511517578125 271.0
8.76351171484375 267.0
8.803510775390626 253.0
8.843511828125 254.0
8.89351134765625 266.0
8.92351426171875 262.0
8.963515494140625 256.0
9.003513841796876 234.0
9.04352026953125 259.0
9.083536208984375 266.0
9.12351919140625 260.0
9.17352551171875 243.0
9.20352547265625 256.0
9.24352289453125 276.0
9.283523767578124 265.0
9.323528072265624 254.0
9.359294888671876 248.0
9.403526669921876 261.0
9.443530103515625 269.0
9.483529548828125 257.0
9.52353237109375 242.0
9.56353703125 258.0
9.603535673828125 273.0
9.643537916015624 270.0
9.68353938671875 250.0
9.723544486328125 255.0
9.76354163671875 279.0
9.7993094765625 269.0
9.84354370703125 259.0
9.883547845703125 241.0
9.92354407421875 272.0
9.96355165625 265.0
10.003547705078125 260.0
10.043546662109375 233.0
10.08355117578125 250.0
10.1193184765625 267.0
10.173551169921875 270.0
10.203556375 243.0
10.25355971875 253.0
10.283559837890625 273.0
10.32355646875 264.0
10.363560455078124 255.0
10.41356044140625 247.0
10.443563365234375 263.0
10.48356685546875 267.0
10.523561220703124 260.0
10.56356383984375 246.0
10.60356948828125 254.0
10.643564958984374 276.0
10.683589703125 268.0
10.7235669375 255.0
10.763571396484375 249.0
10.803571841796876 273.0
10.843576267578126 267.0
10.879342154296875 260.0
10.9235766171875 234.0
10.963576935546875 267.0
11.00358036328125 261.0
11.043588984375 260.0
11.0835824453125 239.0
11.12358001171875 251.0
11.163583041015626 270.0
11.2035830078125 268.0
11.243582609375 248.0
11.28358753125 248.0
11.333603392578125 269.0
11.36359303125 273.0
11.403589958984375 259.0
11.44359232421875 235.0
11.483592943359374 262.0
11.519361978515626 274.0
11.5635940078125 270.0
11.6035954765625 252.0
11.64359490234375 255.0
11.68359952734375 280.0
11.723602294921875 267.0
11.763603318359374 256.0
11.803604267578125 247.0
11.84360231640625 267.0
11.88360605078125 272.0
11.9236086015625 261.0
11.959375330078124 237.0
12.003610591796875 263.0
12.043610955078124 275.0
12.08360994140625 268.0
12.12361591015625 251.0
12.163614046875 258.0
12.203631873046875 269.0
12.24361828515625 268.0
12.283614380859374 257.0
12.32361827734375 232.0
12.363622302734376 268.0
12.39938898828125 273.0
12.44362266796875 260.0
12.4836225859375 236.0
12.523625494140624 261.0
12.56362875390625 262.0
12.603627982421875 266.0
12.6436263203125 251.0
12.6836391640625 249.0
12.723628662109375 265.0
12.763631998046876 266.0
12.803632853515625 258.0
12.83943068359375 240.0
12.883635322265626 266.0
12.9236399296875 273.0
12.963636787109374 260.0
13.0036398984375 233.0
13.043640482421875 256.0
13.08364598046875 269.0
13.1236468359375 269.0
13.163646681640625 257.0
13.2036619296875 248.0
13.243648970703125 271.0
13.279416236328125 264.0
13.323650439453125 253.0
13.363651056640625 235.0
13.40365333984375 261.0
13.443653021484375 267.0
13.483654837890626 270.0
13.5236529296875 242.0
13.5636581875 257.0
13.603665296875 274.0
13.643835671875 266.0
13.68366125390625 256.0
13.7236607734375 242.0
13.76366830859375 262.0
13.803663982421876 270.0
13.843667087890625 259.0
13.89366892578125 244.0
13.933668689453125 257.0
13.963670109375 271.0
14.003672212890624 268.0
14.043674611328125 250.0
14.083670708984375 248.0
14.119441900390624 265.0
14.173679203125 261.0
14.203674408203126 256.0
14.24367658203125 245.0
14.283677865234376 265.0
14.323681654296875 266.0
14.36367978125 259.0
14.4036822734375 247.0
14.443684474609375 254.0
14.48368583203125 275.0
14.523686623046874 265.0
14.559455779296876 253.0
14.603689416015625 251.0
14.643690333984376 278.0
14.68369146484375 271.0
14.723692037109375 258.0
14.763695015625 228.0
14.803697802734375 258.0
14.84369526171875 273.0
14.8836956640625 259.0
14.9236973984375 235.0
14.963700041015626 254.0
15.013699708984374 273.0
15.043712544921876 269.0
15.083702822265625 255.0
15.119472591796875 243.0
15.1637078203125 272.0
15.199475587890625 265.0
15.24371033984375 261.0
15.283710619140624 231.0
15.3237095234375 254.0
15.363710302734376 266.0
15.403715544921875 269.0
15.4437135390625 257.0
15.48371569140625 254.0
15.52371537109375 274.0
15.563736447265626 265.0
15.603722892578125 258.0
15.643725181640624 238.0
15.68372752734375 270.0
15.723726328125 271.0
15.7637243671875 258.0
15.803725544921875 238.0
15.853730419921876 259.0
15.883729318359375 262.0
15.92372805859375 267.0
15.963728005859375 251.0
16.00373251953125 249.0
16.039501421875 266.0
16.083733265625 261.0
16.1237421171875 255.0
16.16375796484375 243.0
16.203739814453126 274.0
16.243741353515624 264.0
16.28374086328125 260.0
16.323743873046876 232.0
16.36374672265625 258.0
16.403744298828126 272.0
16.4437442265625 269.0
16.47951459765625 257.0
16.52375163671875 250.0
16.5637472734375 276.0
16.603765306640625 265.0
16.64374972265625 260.0
16.68375477734375 232.0
16.72375271875 263.0
16.763754529296875 269.0
16.803755869140623 258.0
16.843756291015627 242.0
16.883761625 252.0
16.92375969140625 274.0
16.96376328125 267.0
17.003764134765625 252.0
17.043769306640623 251.0
17.083763931640625 269.0
17.119535619140624 263.0
17.163766546875 260.0
17.203783923828126 236.0
17.24377116796875 253.0
17.28377626953125 278.0
17.323773078125 270.0
17.36377316015625 245.0
17.403777794921876 255.0
17.44377909765625 277.0
17.483777904296876 267.0
17.523779998046876 261.0
17.563785185546877 241.0
17.603782755859374 266.0
17.64378220703125 272.0
17.68378803515625 260.0
17.723796044921876 237.0
17.75955419140625 255.0
17.803786494140624 270.0
17.843787455078125 269.0
17.883789392578127 257.0
17.92379199609375 250.0
17.96379865234375 272.0
18.00379383203125 258.0
18.0437946015625 259.0
18.083794228515625 236.0
18.123796908203126 254.0
18.16381646875 261.0
18.203804498046875 260.0
18.243805189453123 240.0
18.28379994921875 263.0
18.323801759765626 271.0
18.363804603515625 268.0
18.399588798828123 244.0
18.44380968359375 248.0
18.483808861328125 273.0
18.523814201171874 276.0
18.563810416015624 262.0
18.60381452734375 230.0
18.64381573828125 263.0
18.6838154609375 269.0
18.723824869140625 268.0
18.763818978515626 246.0
18.803815830078126 254.0
18.85382143359375 278.0
18.893821775390624 267.0
18.92381969140625 259.0
18.96382049609375 246.0
19.003823755859376 269.0
19.03959385546875 265.0
19.083824666015627 260.0
19.1238527265625 233.0
19.163830759765624 255.0
19.203848662109376 265.0
19.243833865234375 268.0
19.2838330859375 258.0
19.323955744140626 255.0
19.363836130859376 283.0
19.403835328125 266.0
19.44383598046875 257.0
19.493844345703124 236.0
19.52384339453125 271.0
19.563839146484376 263.0
19.60385315234375 261.0
19.6438605234375 235.0
19.679613642578126 235.0
19.723845880859376 283.0
19.76385062109375 267.0
19.80384949609375 245.0
19.843851412109377 248.0
19.88385461328125 273.0
19.923851208984374 264.0
19.963853037109374 250.0
19.999973396484375 250.0
