#time(s) power(W)
0.0535798359375 258.975
0.083583306640625 254.9125
0.163591390625 259.88125
0.203586330078125 261.075
0.283584767578125 256.1625
0.36359236328125 260.7375
0.403590013671875 254.925
0.45359652734375 257.6
0.483592607421875 265.4125
0.563594712890625 255.16875
0.60360087890625 261.0875
0.643602220703125 260.425
0.6835984765625 254.375
0.723604658203125 256.775
0.763601322265625 262.5375
0.813621224609375 257.425
0.843601890625 255.8375
0.88360723828125 257.8625
0.923759015625 263.8375
1.013610533203125 255.49375
1.043613595703125 261.3625
1.083616232421875 262.95
1.123617384765625 255.0875
1.1636172421875 256.125
1.213619314453125 262.3125
1.2436184375 259.825
1.283618189453125 255.65
1.32361906640625 255.975
1.363619185546875 265.55
1.403735880859375 258.3875
1.44362559765625 255.5
1.493626205078125 258.675
1.573634900390625 259.78125
1.6136318359375 256.45
1.653631529296875 260.2375
1.723631671875 262.425
1.76363658984375 254.75
1.799402853515625 256.175
1.85365655859375 260.925
1.933641484375 255.71875
2.003642025390625 264.125
2.043642990234375 256.85
2.08364634765625 256.4625
2.123658345703125 260.25
2.1636446015625 262.9875
2.203649783203125 254.5625
2.253648341796875 258.76875
2.293648357421875 261.15
2.3636561953125 254.025
2.403682048828125 256.7625
2.443687052734375 264.9
2.493687294921875 255.9
2.563657134765625 257.8625
2.603657525390625 266.35
2.64365857421875 255.4625
2.683662689453125 255.1125
2.723661943359375 260.675
2.76366541015625 262.8625
2.803665396484375 254.225
2.85394806640625 259.375
2.93366949609375 257.10625
3.00367480078125 257.425
3.04368518359375 264.325
3.083676291015625 255.975
3.119443435546875 255.65
3.163677724609375 261.575
3.203677611328125 263.4625
3.243683130859375 254.1125
3.28367782421875 257.1875
3.333687591796875 262.075
3.3994519453125 254.8
3.443684349609375 257.1125
3.48368787890625 264.9
3.519455677734375 258.175
3.563690326171875 253.9625
3.603688326171875 258.0625
3.64369171484375 265.3875
3.683694125 257.075
3.723692189453125 255.3875
3.75946315234375 259.625
3.803698291015625 263.975
3.843696552734375 255.3375
3.893702107421875 259.34375
3.959469015625 259.725
4.003706146484375 254.975
4.043701744140625 259.35
4.08370768359375 263.725
4.12370696484375 256.3875
4.163709775390625 256.65
4.20370966015625 259.7125
4.253709876953125 258.56875
4.323717921875 258.5
4.363712826171875 265.3625
4.4037120390625 260.1625
4.443736169921875 254.75
4.483730466796875 258.175
4.523723263671875 265.8625
4.563719935546875 257.5625
4.613722423828125 256.25625
4.683726814453125 265.5875
4.723727396484375 255.85
4.763724388671875 256.45
4.79949524609375 261.4875
4.84373466015625 262.8
4.88373391015625 254.4125
4.923734740234375 256.9375
4.97373504296875 261.73125
5.043752265625 254.7625
5.083736779296875 258.35
5.119504654296875 263.4625
5.163742046875 255.075
5.203738935546875 255.2375
5.25374364453125 261.8625
5.323742359375 254.5125
5.363783248046875 258.15
5.40374690234375 262.175
5.443751919921875 260.65
5.483757423828125 255.475
5.519546361328125 256.4125
5.563750798828125 265.8875
5.6137491015625 256.1375
5.693754638671875 261.3625
5.763756541015625 256.0125
5.803773234375 256.15
5.84375779296875 261.425
5.879527974609375 263.5625
5.923763388671875 255.1375
5.95953090625 256.8375
6.00376238671875 261.8
6.043763384765625 259.4875
6.083785255859375 255.1125
6.123784732421875 258.625
6.16377270703125 263.4125
6.20377075 255.1625
6.253770466796875 257.99375
6.319541392578125 262.9375
6.363772556640625 256.5625
6.403976515625 256.6375
6.439545544921875 262.725
6.48378273046875 261.075
6.52377765625 253.8
6.563780052734375 256.7375
6.60378371875 265.525
6.643790701171875 257.65
6.683785169921875 254.2375
6.719554169921875 258.0625
6.7737881015625 264.7125
6.81378626953125 255.9
6.843790029296875 256.425
6.883790380859375 261.725
6.923794984375 263.7375
6.959561310546875 253.55
7.003796802734375 256.475
7.0438064921875 262.3125
7.0838001328125 258.475
7.123816201171875 254.575
7.163810330078125 257.4125
7.203800970703125 263.125
7.2538048515625 257.3125
7.28380401171875 254.4625
7.323805943359375 260.0
7.363809498046875 262.6625
7.403808125 254.1625
7.443813779296875 255.525
7.483812390625 261.7375
7.523812185546875 260.2125
7.563811310546875 254.7375
7.6138115 255.8625
7.653816578125 263.9625
7.693820791015625 257.4
7.723821345703125 253.9625
7.773818259765625 258.3875
7.7995876640625 264.875
7.84382143359375 255.1375
7.8838246796875 255.7
7.92382266796875 259.7875
7.97382368359375 263.4625
8.003825919921875 254.675
8.043825724609375 257.075
8.08382673828125 262.8125
8.123832337890626 259.5125
8.1596238359375 254.3875
8.20383275390625 258.0125
8.243833470703125 263.7125
8.28383812109375 258.2625
8.323834083984375 254.8875
8.359604841796875 259.9375
8.4038417578125 263.5375
8.443837314453125 257.9125
8.48384970703125 255.2875
8.523843548828125 262.25
8.559637998046876 261.0375
8.60384446484375 255.35
8.63961359765625 257.3875
8.6838484453125 263.1875
8.723846373046875 257.775
8.773866248046875 254.475
8.803863384765625 256.75
8.84385039453125 265.275
8.89385612890625 255.1125
8.923853490234375 256.6625
8.9596230625 261.6375
9.003860939453125 266.15
9.043860193359375 255.1875
9.0838590234375 258.85
9.12386308203125 263.5875
9.163864619140625 258.4
9.20386449609375 254.3875
9.253864232421876 258.8375
9.293866296875 264.9375
9.334100171875 255.4875
9.363868490234376 255.8375
9.413870869140625 261.2625
9.443868732421874 262.7625
9.483879572265625 253.75
9.5238781796875 255.4125
9.573876841796874 263.475
9.60387705859375 260.625
9.64387688671875 255.025
9.683876845703125 255.775
9.72387666796875 264.7
9.76388263671875 257.1625
9.803900052734376 256.7875
9.83967656640625 256.7625
9.883882146484375 265.1125
9.933884337890625 255.6
9.963883861328124 256.2375
10.013886109375 260.2625
10.043888708984374 264.25
10.0938909921875 255.0375
10.119658974609376 256.675
10.163889857421875 263.15
10.2038974296875 260.6875
10.2438944453125 255.325
10.293899615234375 258.6375
10.32389635546875 263.3625
10.36389759765625 258.6
10.40390181640625 254.175
10.44390001171875 259.7875
10.493902626953124 262.8375
10.52390472265625 255.425
10.5639062265625 255.65
10.60390960546875 262.375
10.64391050390625 260.4375
10.683912208984376 254.2
10.723909193359376 256.625
10.75967840234375 264.8375
10.803910951171876 258.15
10.843915802734376 256.8125
10.8839117265625 259.3
10.923914013671874 265.725
10.963918619140625 255.225
11.0039187421875 256.5375
11.04392741015625 259.25
11.083958978515625 262.7875
11.12393687890625 255.0125
11.16392465234375 257.0125
11.203923935546875 262.7375
11.24392962109375 260.4
11.283925369140626 254.9625
11.33392882421875 257.55
11.363931369140625 263.8125
11.403930720703125 258.7875
11.443930080078125 254.7375
11.4839310234375 260.475
11.523936357421874 263.2125
11.56393838671875 255.7625
11.599707939453126 256.325
11.643934912109374 262.6125
11.683939986328125 260.575
11.72397387890625 255.825
11.76395791796875 256.875
11.79973823828125 264.4125
11.843945171875 257.7
11.88394759375 254.8625
11.9239473515625 256.9875
11.96394769921875 264.7625
12.0139528828125 255.0875
12.05395546484375 255.1375
12.09395021875 259.9125
12.12395338671875 263.775
12.163956107421875 255.1
12.20395744140625 256.05
12.243957013671874 262.2125
12.279725546875 260.7875
12.323959470703125 254.3
12.363959056640624 258.0375
12.403963240234376 263.05
12.443978615234375 258.1875
12.493963109375 253.9375
12.523966349609376 260.175
12.563965962890626 262.8
12.60396656640625 257.025
12.64397019140625 255.6125
12.68397513671875 262.975
12.723971353515624 260.275
12.7739713359375 255.2125
12.803985373046874 256.9875
12.843974587890624 264.5375
12.88397667578125 257.45
12.933976572265625 255.625
12.973977861328125 258.0125
13.003977876953124 264.9875
13.043979140625 255.3625
13.084013216796874 256.3375
13.124024029296875 259.525
13.173990873046876 264.1625
13.20398897265625 255.175
13.243985109375 256.9375
13.283989357421875 261.5875
13.323991287109376 260.65
13.373991849609375 253.825
13.403990783203126 257.5125
13.44399137109375 262.75
13.483992986328126 258.4375
13.523994283203125 254.975
13.563998484375 259.575
13.604001142578126 262.9625
13.65399996484375 257.025
13.684002013671876 255.8125
13.723999818359376 261.475
13.7640024609375 260.9
13.804007970703125 255.175
13.84400859375 258.2875
13.894008451171874 263.9
13.93400655078125 258.0875
13.96400926953125 255.575
13.999778412109375 258.375
14.044012173828126 264.825
14.084011421875 255.2125
14.11978287890625 255.3625
14.16401620703125 258.9625
14.204018576171874 264.1125
14.24401895703125 253.8
14.284018638671874 256.4125
14.324021603515625 262.9125
14.364021853515625 261.5125
14.414025408203125 254.175
14.45402543359375 257.025
14.48402605078125 263.225
14.519794685546875 258.1625
14.56403096875 255.5625
14.60402753515625 258.5625
14.644032384765625 264.0125
14.684031451171874 257.075
14.719800853515626 255.9125
14.764034271484375 261.7875
14.80404456640625 260.7
14.844037123046874 255.4375
14.884035765625 257.35
14.919806595703125 263.4875
14.964039677734375 257.55
15.014045408203126 255.4
15.044059033203125 262.2375
15.0940489375 266.1625
15.119812787109375 256.175
15.164045748046876 256.55
15.204304537109374 260.6125
15.244048142578125 264.2375
15.2798184453125 256.375
15.324054412109374 258.65
15.364057474609375 265.625
15.40405310546875 259.325
15.454056146484374 256.375
15.48405705078125 259.6875
15.524057693359374 267.9625
15.564058955078124 256.2
15.604059798828125 256.325
15.63982880859375 261.3875
15.684065658203124 264.7375
15.72406376171875 255.35
15.764067638671875 258.3625
15.804065267578125 264.4
15.854069578125 262.675
15.884068029296875 255.8125
15.924072294921874 259.5125
15.964071734375 265.9
16.004073865234375 257.9375
16.05407360546875 256.575
16.08407565625 260.45
16.1240825 264.85
16.1640819296875 255.6875
16.204076109375 255.65
16.244083599609375 261.4875
16.284079873046874 263.3625
16.319850361328125 254.25
16.36408215234375 257.2125
16.40423005859375 262.0375
16.4398536796875 261.4
16.48408921484375 254.15
16.524089556640625 257.775
16.56409268359375 263.9375
16.604091841796876 257.45
16.654091015625 254.525
16.684093732421875 259.7125
16.7241058984375 263.0125
16.76413523828125 255.725
16.80409778515625 255.7875
16.854097326171875 262.8875
16.8840995546875 260.7125
16.92409818359375 255.6875
16.96410326171875 256.65
17.00410626953125 264.075
17.03987227734375 258.3
17.084108744140625 255.425
17.124107642578124 257.925
17.164108787109374 264.95
17.199902771484375 255.5125
17.23987785546875 255.95
17.28411374609375 260.6875
17.334113859375 264.625
17.36411466796875 254.5
17.404114904296875 256.0375
17.444116236328124 266.1375
17.484120265625 261.525
17.524121529296874 254.65
17.564123927734375 258.575
17.59988924609375 264.425
17.639890681640626 257.6
17.6941243515625 254.875
17.724126765625 259.925
17.76414353515625 262.475
17.80413229296875 256.075
17.844129021484374 254.7125
17.8798977109375 262.3875
17.92412921875 261.1625
17.964131435546875 255.9125
18.004131986328126 256.3
18.0441359296875 263.6625
18.07990441015625 257.95
18.12415024609375 255.9
18.164138955078126 257.825
18.204141365234374 264.4
18.2441449296875 255.5375
18.28414548828125 255.75
18.334142517578126 260.3875
18.364148283203125 263.425
18.414147580078126 254.4125
18.444149685546876 255.825
18.48414644921875 263.575
18.52415233203125 261.15
18.564152751953124 253.6625
18.614154091796873 257.8875
18.6441557734375 263.075
18.6841563125 258.0375
18.7199237578125 254.2625
18.764160408203125 258.8625
18.804158826171875 263.5125
18.844161806640624 255.4375
18.89416439453125 256.2375
18.92416327734375 261.25
18.964163857421877 260.625
19.00416497265625 255.6875
19.04417718359375 256.525
19.084167642578127 263.675
19.134170224609374 257.8625
19.15993766796875 255.25
19.20417019921875 258.3
19.254172947265626 264.2875
19.28417521484375 255.8
19.334256150390626 255.6625
19.3599438671875 260.75
19.4041780234375 262.9625
19.444192158203126 254.425
19.48417880078125 256.025
19.524185958984376 263.4625
19.5641871171875 260.925
19.614182818359374 254.2375
19.644185248046874 256.525
19.684183703125 263.9875
19.7241870078125 257.65
19.7641886953125 255.2375
19.804190345703127 258.5625
19.8441901015625 262.625
19.8942167890625 255.4625
19.924193015625 255.9375
19.964195171875 261.05
19.999963279296875 260.7875
