#time(s) power(W)
0.0535798359375 256.0
0.083583306640625 271.0
0.119350572265625 271.0
0.163591390625 232.0
0.203586330078125 277.0
0.23937916015625 277.0
0.283584767578125 254.0
0.319357001953125 254.0
0.36359236328125 274.0
0.403590013671875 267.0
0.45359652734375 244.0
0.483592607421875 260.0
0.519363212890625 260.0
0.563594712890625 260.0
0.60360087890625 231.0
0.643602220703125 256.0
0.6835984765625 267.0
0.723604658203125 257.0
0.763601322265625 238.0
0.813621224609375 267.0
0.843601890625 266.0
0.88360723828125 252.0
0.923759015625 251.0
0.959376865234375 251.0
1.013610533203125 269.0
1.043613595703125 238.0
1.083616232421875 264.0
1.123617384765625 265.0
1.1636172421875 260.0
1.213619314453125 227.0
1.2436184375 270.0
1.283618189453125 262.0
1.32361906640625 252.0
1.363619185546875 249.0
1.403735880859375 279.0
1.44362559765625 269.0
1.493626205078125 237.0
1.523626908203125 237.0
1.573634900390625 271.0
1.6136318359375 259.0
1.653631529296875 245.0
1.68363183203125 245.0
1.723631671875 258.0
1.76363658984375 270.0
1.799402853515625 257.0
1.85365655859375 268.0
1.88363447265625 268.0
1.933641484375 245.0
1.9636369296875 245.0
2.003642025390625 258.0
2.043642990234375 271.0
2.08364634765625 271.0
2.123658345703125 233.0
2.1636446015625 255.0
2.203649783203125 266.0
2.253648341796875 241.0
2.293648357421875 266.0
2.3236545 266.0
2.3636561953125 264.0
2.403682048828125 258.0
2.443687052734375 248.0
2.493687294921875 266.0
2.52366051171875 266.0
2.563657134765625 249.0
2.603657525390625 257.0
2.64365857421875 263.0
2.683662689453125 260.0
2.723661943359375 234.0
2.76366541015625 264.0
2.803665396484375 264.0
2.85394806640625 237.0
2.87943570703125 237.0
2.93366949609375 264.0
2.9636708046875 264.0
3.00367480078125 249.0
3.04368518359375 256.0
3.083676291015625 270.0
3.119443435546875 270.0
3.163677724609375 235.0
3.203677611328125 259.0
3.243683130859375 264.0
3.28367782421875 259.0
3.333687591796875 263.0
3.363683185546875 263.0
3.3994519453125 263.0
3.443684349609375 252.0
3.48368787890625 245.0
3.519455677734375 277.0
3.563690326171875 270.0
3.603688326171875 252.0
3.64369171484375 255.0
3.683694125 273.0
3.723692189453125 260.0
3.75946315234375 241.0
3.803698291015625 259.0
3.843696552734375 271.0
3.893702107421875 247.0
3.923698865234375 247.0
3.959469015625 278.0
4.003706146484375 267.0
4.043701744140625 254.0
4.08370768359375 255.0
4.12370696484375 277.0
4.163709775390625 266.0
4.20370966015625 246.0
4.253709876953125 271.0
4.283711734375 271.0
4.323717921875 259.0
4.363712826171875 226.0
4.4037120390625 281.0
4.443736169921875 260.0
4.483730466796875 254.0
4.523723263671875 252.0
4.563719935546875 270.0
4.613722423828125 244.0
4.64372133984375 244.0
4.683726814453125 256.0
4.723727396484375 269.0
4.763724388671875 259.0
4.79949524609375 229.0
4.84373466015625 259.0
4.88373391015625 269.0
4.923734740234375 255.0
4.97373504296875 273.0
5.0037346484375 273.0
5.043752265625 267.0
5.083736779296875 254.0
5.119504654296875 255.0
5.163742046875 277.0
5.203738935546875 268.0
5.25374364453125 265.0
5.283742783203125 265.0
5.323742359375 260.0
5.363783248046875 259.0
5.40374690234375 235.0
5.443751919921875 279.0
5.483757423828125 261.0
5.519546361328125 254.0
5.563750798828125 252.0
5.6137491015625 267.0
5.643752388671875 267.0
5.693754638671875 258.0
5.72375687890625 258.0
5.763756541015625 269.0
5.803773234375 270.0
5.84375779296875 231.0
5.879527974609375 254.0
5.923763388671875 268.0
5.95953090625 259.0
6.00376238671875 244.0
6.043763384765625 266.0
6.083785255859375 266.0
6.123784732421875 248.0
6.16377270703125 254.0
6.20377075 271.0
6.253770466796875 249.0
6.283772232421875 249.0
6.319541392578125 265.0
6.363772556640625 265.0
6.403976515625 258.0
6.439545544921875 231.0
6.48378273046875 263.0
6.52377765625 264.0
6.563780052734375 251.0
6.60378371875 250.0
6.643790701171875 277.0
6.683785169921875 270.0
6.719554169921875 252.0
6.7737881015625 254.0
6.81378626953125 275.0
6.843790029296875 270.0
6.883790380859375 235.0
6.923794984375 265.0
6.959561310546875 264.0
7.003796802734375 259.0
7.0438064921875 237.0
7.0838001328125 264.0
7.123816201171875 264.0
7.163810330078125 251.0
7.203800970703125 253.0
7.2538048515625 270.0
7.28380401171875 271.0
7.323805943359375 250.0
7.363809498046875 255.0
7.403808125 265.0
7.443813779296875 261.0
7.483812390625 233.0
7.523812185546875 263.0
7.563811310546875 256.0
7.6138115 260.0
7.653816578125 248.0
7.693820791015625 279.0
7.723821345703125 265.0
7.773818259765625 250.0
7.7995876640625 256.0
7.84382143359375 262.0
7.8838246796875 257.0
7.92382266796875 238.0
7.97382368359375 263.0
8.003825919921875 272.0
8.043825724609375 260.0
8.08382673828125 238.0
8.123832337890626 278.0
8.1596238359375 264.0
8.20383275390625 250.0
8.243833470703125 253.0
8.28383812109375 267.0
8.323834083984375 269.0
8.359604841796875 237.0
8.4038417578125 252.0
8.443837314453125 275.0
8.48384970703125 259.0
8.523843548828125 234.0
8.559637998046876 267.0
8.60384446484375 257.0
8.63961359765625 258.0
8.6838484453125 244.0
8.723846373046875 280.0
8.773866248046875 268.0
8.803863384765625 253.0
8.84385039453125 253.0
8.89385612890625 275.0
8.923853490234375 272.0
8.9596230625 234.0
9.003860939453125 274.0
9.043860193359375 266.0
9.0838590234375 254.0
9.12386308203125 227.0
9.163864619140625 269.0
9.20386449609375 266.0
9.253864232421876 250.0
9.293866296875 255.0
9.334100171875 273.0
9.363868490234376 268.0
9.413870869140625 247.0
9.443868732421874 259.0
9.483879572265625 267.0
9.5238781796875 259.0
9.573876841796874 235.0
9.60387705859375 270.0
9.64387688671875 258.0
9.683876845703125 258.0
9.72387666796875 249.0
9.76388263671875 266.0
9.803900052734376 269.0
9.83967656640625 247.0
9.883882146484375 253.0
9.933884337890625 277.0
9.963883861328124 259.0
10.013886109375 235.0
10.043888708984374 268.0
10.0938909921875 266.0
10.119658974609376 262.0
10.163889857421875 238.0
10.2038974296875 270.0
10.2438944453125 266.0
10.293899615234375 256.0
10.32389635546875 254.0
10.36389759765625 273.0
10.40390181640625 269.0
10.44390001171875 248.0
10.493902626953124 256.0
10.52390472265625 277.0
10.5639062265625 259.0
10.60390960546875 236.0
10.64391050390625 263.0
10.683912208984376 263.0
10.723909193359376 260.0
10.75967840234375 260.0
10.803910951171876 281.0
10.843915802734376 264.0
10.8839117265625 250.0
10.923914013671874 256.0
10.963918619140625 263.0
11.0039187421875 259.0
11.04392741015625 235.0
11.083958978515625 263.0
11.12393687890625 273.0
11.16392465234375 260.0
11.203923935546875 233.0
11.24392962109375 276.0
11.283925369140626 264.0
11.33392882421875 254.0
11.363931369140625 254.0
11.403930720703125 268.0
11.443930080078125 269.0
11.4839310234375 241.0
11.523936357421874 259.0
11.56393838671875 275.0
11.599707939453126 259.0
11.643934912109374 238.0
11.683939986328125 265.0
11.72397387890625 273.0
11.76395791796875 261.0
11.79973823828125 249.0
11.843945171875 278.0
11.88394759375 265.0
11.9239473515625 253.0
11.96394769921875 252.0
12.0139528828125 262.0
12.05395546484375 260.0
12.09395021875 235.0
12.12395338671875 254.0
12.163956107421875 267.0
12.20395744140625 258.0
12.243957013671874 247.0
12.279725546875 270.0
12.323959470703125 258.0
12.363959056640624 245.0
12.403963240234376 254.0
12.443978615234375 276.0
12.493963109375 269.0
12.523966349609376 243.0
12.563965962890626 263.0
12.60396656640625 272.0
12.64397019140625 260.0
12.68397513671875 231.0
12.723971353515624 273.0
12.7739713359375 270.0
12.803985373046874 255.0
12.843974587890624 244.0
12.88397667578125 274.0
12.933976572265625 268.0
12.973977861328125 255.0
13.003977876953124 254.0
13.043979140625 272.0
13.084013216796874 260.0
13.124024029296875 242.0
13.173990873046876 262.0
13.20398897265625 271.0
13.243985109375 261.0
13.283989357421875 235.0
13.323991287109376 273.0
13.373991849609375 261.0
13.403990783203126 253.0
13.44399137109375 253.0
13.483992986328126 267.0
13.523994283203125 269.0
13.563998484375 252.0
13.604001142578126 265.0
13.65399996484375 274.0
13.684002013671876 259.0
13.723999818359376 224.0
13.7640024609375 263.0
13.804007970703125 264.0
13.84400859375 248.0
13.894008451171874 243.0
13.93400655078125 280.0
13.96400926953125 266.0
13.999778412109375 249.0
14.044012173828126 254.0
14.084011421875 265.0
14.11978287890625 272.0
14.16401620703125 231.0
14.204018576171874 260.0
14.24401895703125 270.0
14.284018638671874 261.0
14.324021603515625 238.0
14.364021853515625 273.0
14.414025408203125 261.0
14.45402543359375 256.0
14.48402605078125 253.0
14.519794685546875 264.0
14.56403096875 271.0
14.60402753515625 242.0
14.644032384765625 254.0
14.684031451171874 272.0
14.719800853515626 260.0
14.764034271484375 244.0
14.80404456640625 276.0
14.844037123046874 272.0
14.884035765625 255.0
14.919806595703125 246.0
14.964039677734375 277.0
15.014045408203126 268.0
15.044059033203125 238.0
15.0940489375 264.0
15.119812787109375 273.0
15.164045748046876 258.0
15.204304537109374 241.0
15.244048142578125 295.0
15.2798184453125 272.0
15.324054412109374 259.0
15.364057474609375 228.0
15.40405310546875 278.0
15.454056146484374 261.0
15.48405705078125 256.0
15.524057693359374 258.0
15.564058955078124 268.0
15.604059798828125 267.0
15.63982880859375 246.0
15.684065658203124 271.0
15.72406376171875 268.0
15.764067638671875 257.0
15.804065267578125 236.0
15.854069578125 278.0
15.884068029296875 269.0
15.924072294921874 254.0
15.964071734375 249.0
16.004073865234375 278.0
16.05407360546875 267.0
16.08407565625 243.0
16.1240825 259.0
16.1640819296875 272.0
16.204076109375 260.0
16.244083599609375 244.0
16.284079873046874 262.0
16.319850361328125 270.0
16.36408215234375 260.0
16.40423005859375 236.0
16.4398536796875 270.0
16.48408921484375 261.0
16.524089556640625 256.0
16.56409268359375 250.0
16.604091841796876 264.0
16.654091015625 267.0
16.684093732421875 240.0
16.7241058984375 257.0
16.76413523828125 271.0
16.80409778515625 260.0
16.854097326171875 240.0
16.8840995546875 259.0
16.92409818359375 271.0
16.96410326171875 259.0
17.00410626953125 242.0
17.03987227734375 275.0
17.084108744140625 262.0
17.124107642578124 242.0
17.164108787109374 256.0
17.199902771484375 272.0
17.23987785546875 271.0
17.28411374609375 243.0
17.334113859375 261.0
17.36411466796875 272.0
17.404114904296875 261.0
17.444116236328124 234.0
17.484120265625 265.0
17.524121529296874 263.0
17.564123927734375 250.0
17.59988924609375 251.0
17.639890681640626 267.0
17.6941243515625 269.0
17.724126765625 251.0
17.76414353515625 255.0
17.80413229296875 274.0
17.844129021484374 261.0
17.8798977109375 238.0
17.92412921875 264.0
17.964131435546875 275.0
18.004131986328126 260.0
18.0441359296875 243.0
18.07990441015625 279.0
18.12415024609375 264.0
18.164138955078126 250.0
18.204141365234374 253.0
18.2441449296875 266.0
18.28414548828125 260.0
18.334142517578126 236.0
18.364148283203125 253.0
18.414147580078126 273.0
18.444149685546876 260.0
18.48414644921875 242.0
18.52415233203125 276.0
18.564152751953124 262.0
18.614154091796873 252.0
18.6441557734375 246.0
18.6841563125 275.0
18.7199237578125 269.0
18.764160408203125 240.0
18.804158826171875 253.0
18.844161806640624 270.0
18.89416439453125 260.0
18.92416327734375 229.0
18.964163857421877 263.0
19.00416497265625 271.0
19.04417718359375 255.0
19.084167642578127 252.0
19.134170224609374 270.0
19.15993766796875 267.0
19.20417019921875 246.0
19.254172947265626 257.0
19.28417521484375 273.0
19.334256150390626 270.0
19.3599438671875 249.0
19.4041780234375 253.0
19.444192158203126 265.0
19.48417880078125 260.0
19.524185958984376 232.0
19.5641871171875 264.0
19.614182818359374 264.0
19.644185248046874 249.0
19.684183703125 243.0
19.7241870078125 280.0
19.7641886953125 271.0
19.804190345703127 250.0
19.8441901015625 253.0
19.8942167890625 274.0
19.924193015625 260.0
19.964195171875 237.0
19.999963279296875 262.0
