#time(s) power(W)
0.00040330078125 248.0
0.043825220703125 247.0
0.083809392578125 272.0
0.119579248046875 270.0
0.163810845703125 246.0
0.203816396484375 276.0
0.24381715625 257.0
0.2838194765625 261.0
0.323816255859375 268.0
0.36381891796875 227.0
0.40382063671875 284.0
0.443824205078125 256.0
0.48382479296875 260.0
0.523830328125 269.0
0.563841609375 240.0
0.6038270703125 279.0
0.639595302734375 258.0
0.68383657421875 257.0
0.723843560546875 272.0
0.763831140625 237.0
0.80383324609375 267.0
0.843834205078125 270.0
0.88384994921875 245.0
0.923838572265625 264.0
0.96383566015625 248.0
1.003837560546875 260.0
1.04384454296875 269.0
1.093839544921875 231.0
1.1338421484375 264.0
1.1638410546875 258.0
1.2038577109375 259.0
1.243855328125 262.0
1.279615228515625 236.0
1.323850578125 284.0
1.363847966796875 259.0
1.40387199609375 254.0
1.44385558203125 275.0
1.483854154296875 246.0
1.52385494921875 274.0
1.563855103515625 261.0
1.6038594921875 248.0
1.643857111328125 267.0
1.683857302734375 246.0
1.73386182421875 260.0
1.763860818359375 270.0
1.80386211328125 230.0
1.84386719921875 267.0
1.88386260546875 256.0
1.9196629140625 263.0
1.963868970703125 263.0
2.00387317578125 233.0
2.0438708671875 264.0
2.083871234375 251.0
2.123873111328125 253.0
2.163876234375 258.0
2.203877853515625 245.0
2.24388099609375 276.0
2.283874712890625 258.0
2.323879267578125 248.0
2.37388228125 268.0
2.40388189453125 241.0
2.443884087890625 261.0
2.4838875078125 270.0
2.52388591015625 237.0
2.559654716796875 270.0
2.60389121875 253.0
2.643887861328125 266.0
2.6838891015625 265.0
2.723908552734375 238.0
2.7638941171875 277.0
2.8038966796875 262.0
2.843897455078125 261.0
2.88390923828125 265.0
2.923896763671875 245.0
2.963900712890625 276.0
3.003900716796875 260.0
3.043914298828125 252.0
3.0839033984375 265.0
3.13390969921875 249.0
3.16390438671875 272.0
3.199674453125 272.0
3.243914171875 243.0
3.28391102734375 276.0
3.323912587890625 260.0
3.3639109609375 260.0
3.403916125 267.0
3.443914107421875 238.0
3.483914033203125 268.0
3.523933703125 260.0
3.56393251171875 253.0
3.60391854296875 269.0
3.643918544921875 240.0
3.6839243671875 281.0
3.723939193359375 261.0
3.7639259453125 256.0
3.80392671875 273.0
3.83969424609375 273.0
3.8939267421875 267.0
3.92393455859375 271.0
3.963929193359375 247.0
4.003928498046875 273.0
4.043933181640625 251.0
4.08393575 270.0
4.1241051015625 268.0
4.163934435546875 230.0
4.20393736328125 282.0
4.24393975390625 255.0
4.279707470703125 255.0
4.323941267578125 263.0
4.363944388671875 239.0
4.40396063671875 279.0
4.44394618359375 259.0
4.483945560546875 257.0
4.52394734765625 270.0
4.56396514453125 243.0
4.603947486328125 264.0
4.64395121484375 272.0
4.683953013671875 246.0
4.719720888671875 246.0
4.7639569375 251.0
4.80395573828125 270.0
4.843954158203125 267.0
4.883961998046875 231.0
4.9239628125 283.0
4.963964158203125 259.0
5.003960005859375 259.0
5.043963095703125 262.0
5.083961955078125 230.0
5.11973340234375 230.0
5.159734861328125 278.0
5.203971509765625 262.0
5.243972181640625 272.0
5.283970494140625 253.0
5.323972078125 253.0
5.364061337890625 278.0
5.4039733515625 271.0
5.4439733359375 250.0
5.48397508203125 272.0
5.523977689453125 255.0
5.563975796875 266.0
5.603980376953125 271.0
5.64398440625 240.0
5.683983744140625 272.0
5.724003078125 253.0
5.763981953125 255.0
5.799760525390625 266.0
5.84399183984375 233.0
5.883988646484375 274.0
5.923989103515625 260.0
5.96399052734375 253.0
6.00399847265625 269.0
6.043996107421875 246.0
6.08399552734375 276.0
6.124000224609375 260.0
6.17399703515625 266.0
6.20399712890625 266.0
6.243999369140625 246.0
6.28400322265625 276.0
6.324000357421875 269.0
6.364003650390625 238.0
6.40400473046875 277.0
6.45400601171875 260.0
6.48400908984375 260.0
6.5240274453125 269.0
6.56402896875 240.0
6.604013107421875 269.0
6.63978035546875 258.0
6.6840121484375 257.0
6.724017248046875 261.0
6.764016408203125 243.0
6.80401939453125 276.0
6.8440325234375 260.0
6.88403373828125 248.0
6.924021201171875 267.0
6.964020599609375 246.0
7.004025921875 260.0
7.04404046875 269.0
7.079794306640625 239.0
7.124026912109375 275.0
7.164029248046875 259.0
7.204028958984375 260.0
7.24403158203125 269.0
7.284251888671875 230.0
7.32403440234375 281.0
7.3640337109375 259.0
7.404034009765625 264.0
7.44403748046875 266.0
7.48403883984375 235.0
7.524042732421875 278.0
7.56403933203125 261.0
7.604040888671875 252.0
7.64404269921875 267.0
7.684046849609375 247.0
7.73404784375 271.0
7.7640458671875 271.0
7.804049515625 245.0
7.8440490390625 270.0
7.88405440234375 255.0
7.9198198203125 263.0
7.964051349609375 262.0
8.004055236328124 240.0
8.0440664921875 273.0
8.0840615703125 258.0
8.124055421875 261.0
8.1640595859375 266.0
8.20407493359375 242.0
8.244063873046874 279.0
8.284065677734375 260.0
8.324068001953124 254.0
8.374066990234375 242.0
8.404069404296875 242.0
8.444067111328126 276.0
8.4840703046875 269.0
8.5240859375 244.0
8.5598393671875 280.0
8.6040719921875 257.0
8.644073322265625 261.0
8.6840849453125 269.0
8.724088646484375 234.0
8.764078341796875 269.0
8.8040790625 258.0
8.84407895703125 260.0
8.8940798203125 241.0
8.92408254296875 241.0
8.964087130859374 284.0
9.014083970703124 264.0
9.04410874609375 264.0
9.084088228515625 271.0
9.124088119140625 240.0
9.164087298828125 277.0
9.204093853515625 270.0
9.244094953125 249.0
9.2840938359375 267.0
9.324095833984375 248.0
9.36409734375 257.0
9.40410515234375 269.0
9.44409927734375 234.0
9.4840991953125 274.0
9.52410137109375 259.0
9.5640988046875 257.0
9.6041021484375 267.0
9.63987180078125 242.0
9.684104427734376 291.0
9.724107427734374 260.0
9.76410984765625 257.0
9.8041097421875 267.0
9.844114404296874 244.0
9.884113642578125 277.0
9.9241126328125 261.0
9.964114990234375 250.0
10.00411630859375 267.0
10.04411528515625 245.0
10.094117451171876 269.0
10.11988631640625 269.0
10.16412105859375 239.0
10.204121810546875 275.0
10.24412383203125 256.0
10.28412254296875 257.0
10.324125126953126 267.0
10.364129330078125 229.0
10.404131759765624 268.0
10.444127123046876 258.0
10.484129787109374 257.0
10.52413287109375 260.0
10.564132068359376 243.0
10.604135451171874 276.0
10.64413618359375 261.0
10.684134607421875 249.0
10.719904951171875 269.0
10.764137921875 245.0
10.804137849609376 261.0
10.844139908203125 270.0
10.884140392578125 238.0
10.92414080078125 264.0
10.96414628125 247.0
11.004144251953125 262.0
11.044153533203126 269.0
11.084147880859375 228.0
11.124149203125 267.0
11.159918076171875 259.0
11.204153265625 257.0
11.244156349609375 267.0
11.28415344140625 245.0
11.324155369140625 274.0
11.364189041015624 260.0
11.404161126953126 252.0
11.44415948046875 264.0
11.48415909375 250.0
11.524161056640626 274.0
11.564163462890624 268.0
11.604162388671876 249.0
11.644162537109375 276.0
11.684164453125 251.0
11.724169359375 260.0
11.764168166015626 268.0
11.799937453125 227.0
11.844187048828125 280.0
11.884185486328125 261.0
11.92417574609375 262.0
11.96417394140625 267.0
12.004176107421875 242.0
12.044196169921875 282.0
12.084178599609375 259.0
12.12417901953125 258.0
12.1641821953125 270.0
12.204181529296875 238.0
12.23995123828125 267.0
12.28418321484375 271.0
12.324185142578125 248.0
12.3641872578125 263.0
12.404186154296875 253.0
12.444189880859374 265.0
12.484190912109375 271.0
12.52419298828125 236.0
12.56420470703125 279.0
12.604195126953124 252.0
12.644194431640624 254.0
12.684198185546874 267.0
12.7241961953125 231.0
12.76419926953125 270.0
12.80419998046875 259.0
12.844206984375 260.0
12.89420593359375 271.0
12.924200611328125 242.0
12.964208640625 278.0
13.00420529296875 261.0
13.04420774609375 249.0
13.084212490234375 269.0
13.124210234375 256.0
13.164210984375 277.0
13.204213515625 269.0
13.2442131015625 242.0
13.284213326171875 277.0
13.324217138671875 256.0
13.36421525390625 264.0
13.404215470703125 262.0
13.444218337890625 231.0
13.484221267578125 282.0
13.519990146484375 258.0
13.564233630859375 262.0
13.604223611328125 271.0
13.644224322265625 242.0
13.684225134765626 281.0
13.724228607421875 260.0
13.764229427734374 254.0
13.80422812890625 270.0
13.844229796875 257.0
13.894230052734375 261.0
13.9242346953125 271.0
13.974238302734374 234.0
14.004236763671875 269.0
14.044236982421875 256.0
14.084238296875 264.0
14.1242392890625 264.0
14.160009146484375 233.0
14.204241666015625 275.0
14.2442423046875 256.0
14.2842468046875 263.0
14.32424590625 263.0
14.364250984375 235.0
14.404254623046874 285.0
14.44424913671875 261.0
14.484252708984375 254.0
14.524265400390625 271.0
14.564261171875 253.0
14.60425746484375 265.0
14.644258462890624 270.0
14.68426 242.0
14.72427294921875 272.0
14.7642579140625 255.0
14.814262748046875 266.0
14.844262744140625 265.0
14.884266142578126 232.0
14.924265478515625 290.0
14.96426693359375 260.0
15.000035212890625 258.0
15.044273525390626 265.0
15.08427075390625 249.0
15.12003881640625 276.0
15.1642717265625 261.0
15.204277701171875 251.0
15.244274162109376 276.0
15.28427492578125 251.0
15.324276 272.0
15.364283875 260.0
15.404278828125 236.0
15.45428189453125 273.0
15.4842813125 252.0
15.524282833984374 268.0
15.56428426953125 267.0
15.6042881015625 232.0
15.640054662109375 280.0
15.684287890625 259.0
15.72430588671875 258.0
15.764289689453125 266.0
15.804293431640625 245.0
15.8442970546875 276.0
15.884296462890624 260.0
15.924293900390625 258.0
15.964297912109375 267.0
16.0043369453125 245.0
16.044300078125 276.0
16.094299123046873 257.0
16.124300041015626 255.0
16.1643011328125 280.0
16.204301712890626 245.0
16.24430302734375 263.0
16.28431026171875 268.0
16.324306369140626 231.0
16.36430969921875 275.0
16.404312673828127 260.0
16.44431026953125 260.0
16.4843119375 268.0
16.524311400390626 239.0
16.5643136328125 279.0
16.604314296875 257.0
16.644315216796876 262.0
16.684316609375 278.0
16.734321892578127 240.0
16.764318373046876 263.0
16.8043198515625 259.0
16.844322712890627 252.0
16.88432590625 269.0
16.920093150390624 243.0
16.964327658203125 262.0
17.00433122265625 270.0
17.0443300390625 237.0
17.084329560546873 269.0
17.12433211328125 255.0
17.16433639453125 262.0
17.204351970703126 265.0
17.244337345703126 235.0
17.28433979296875 271.0
17.324339451171873 260.0
17.360106681640627 251.0
17.404344375 275.0
17.444342142578126 236.0
17.484343236328126 269.0
17.52434103125 261.0
17.564350490234375 249.0
17.604351669921876 264.0
17.6443466796875 248.0
17.684349802734374 270.0
17.72434930859375 270.0
17.764350013671876 233.0
17.814352658203124 277.0
17.844353353515626 258.0
17.88435372265625 261.0
17.9243543359375 268.0
17.964364712890625 226.0
18.000126052734377 268.0
18.044379349609375 259.0
18.084360724609375 254.0
18.124359896484375 261.0
18.17436521875 240.0
18.20436352734375 266.0
18.244366373046876 261.0
18.2843665390625 258.0
18.324367607421873 262.0
18.36436625390625 253.0
18.404369703125 265.0
18.4543713828125 269.0
18.484371830078125 237.0
18.52437253515625 271.0
18.5643821953125 255.0
18.604376591796875 261.0
18.64437930078125 266.0
18.684379888671874 236.0
18.724378876953125 278.0
18.764382681640626 262.0
18.804383349609374 256.0
18.84438187890625 266.0
18.880153091796874 247.0
18.924605865234376 273.0
18.96438761328125 263.0
19.00438731640625 258.0
19.044400421875 266.0
19.094394982421875 247.0
19.134392509765625 273.0
19.164395302734373 268.0
19.204392818359374 245.0
19.24439612109375 276.0
19.2843995859375 260.0
19.32439626953125 259.0
19.364402900390626 269.0
19.40440221875 231.0
19.4444036875 271.0
19.484403943359375 258.0
19.524416798828124 262.0
19.564409625 270.0
19.60441001171875 239.0
19.64441219140625 281.0
19.68440965625 259.0
19.734425953125 255.0
19.764411263671875 273.0
19.804412708984376 239.0
19.84442668359375 265.0
19.88442963671875 271.0
19.9244178203125 245.0
19.964418341796875 271.0
20.0005618984375 253.0
