#time(s) power(W)
0.043473392578125 249.0
0.083471935546875 291.0
0.123474166015625 282.0
0.159240751953125 282.0
0.203478748046875 287.0
0.2434745625 278.0
0.28348062109375 280.0
0.323476234375 283.0
0.36348136328125 273.0
0.403482529296875 275.0
0.443484560546875 277.0
0.48348247265625 271.0
0.52350341796875 269.0
0.563482466796875 268.0
0.60348726171875 270.0
0.64349146875 266.0
0.6834928984375 264.0
0.723492837890625 269.0
0.763491857421875 254.0
0.8134986328125 254.0
0.843494037109375 254.0
0.883495033203125 254.0
0.9234967421875 248.0
0.96349930859375 239.0
1.00350193359375 242.0
1.043554806640625 237.0
1.083500423828125 230.0
1.133505068359375 228.0
1.163502646484375 228.0
1.203505306640625 225.0
1.24351172265625 224.0
1.2835086875 223.0
1.323524564453125 228.0
1.363511787109375 225.0
1.403509765625 223.0
1.45351473828125 229.0
1.483511763671875 229.0
1.52353096875 238.0
1.5635221640625 236.0
1.603519048828125 232.0
1.63928743359375 231.0
1.68352213671875 242.0
1.72352508203125 237.0
1.76352209375 236.0
1.8035418671875 245.0
1.843527625 231.0
1.8835272265625 241.0
1.92352808203125 238.0
1.963530302734375 234.0
2.00353025390625 246.0
2.043532537109375 242.0
2.08358941796875 239.0
2.123533796875 249.0
2.163534990234375 247.0
2.20353783203125 243.0
2.24353838671875 253.0
2.27930684375 249.0
2.3235391875 248.0
2.363540236328125 255.0
2.403542888671875 255.0
2.443544705078125 252.0
2.483544615234375 258.0
2.52355000390625 257.0
2.563564712890625 256.0
2.603553265625 253.0
2.64354985546875 253.0
2.683550431640625 266.0
2.733552400390625 266.0
2.763561830078125 264.0
2.803551869140625 267.0
2.84355824609375 267.0
2.883560162109375 267.0
2.919326599609375 266.0
2.96356028125 267.0
3.00356038671875 266.0
3.04357757421875 266.0
3.083564634765625 267.0
3.12356672265625 268.0
3.163568171875 265.0
3.203566904296875 264.0
3.24356861328125 266.0
3.283570337890625 273.0
3.323571076171875 273.0
3.359340330078125 275.0
3.4037857421875 275.0
3.44357747265625 270.0
3.48357430859375 271.0
3.523589005859375 273.0
3.563578896484375 265.0
3.60358308984375 268.0
3.6435833828125 269.0
3.68358526171875 273.0
3.7235839140625 275.0
3.763588775390625 276.0
3.813583681640625 285.0
3.843585326171875 288.0
3.883592478515625 278.0
3.9235889765625 280.0
3.9635916953125 295.0
4.00359318359375 285.0
4.0435922578125 288.0
4.083595064453125 291.0
4.12359677734375 279.0
4.17360064453125 283.0
4.203602578125 284.0
4.253601763671875 273.0
4.28359751953125 275.0
4.323603716796875 279.0
4.36360431640625 265.0
4.403604841796875 270.0
4.439372447265625 271.0
4.48360530078125 277.0
4.5236110234375 280.0
4.56362445703125 268.0
4.60361209375 270.0
4.64361166015625 274.0
4.683617091796875 263.0
4.723612091796875 271.0
4.7636143125 273.0
4.803628673828125 274.0
4.8436166015625 270.0
4.87938641796875 274.0
4.923618875 273.0
4.963621109375 257.0
5.003625193359375 258.0
5.0436395390625 241.0
5.08362419140625 243.0
5.12362441796875 237.0
5.163626015625 233.0
5.203635177734375 234.0
5.243629669921875 229.0
5.283629482421875 230.0
5.333634314453125 224.0
5.36363192578125 222.0
5.403634861328125 231.0
5.443640140625 221.0
5.483641189453125 226.0
5.52366555078125 231.0
5.563639109375 225.0
5.603662517578125 227.0
5.643656765625 229.0
5.683647451171875 227.0
5.72365209375 233.0
5.763645748046875 231.0
5.80366548046875 229.0
5.84365033203125 226.0
5.883648326171875 237.0
5.92365483984375 232.0
5.973656095703125 232.0
6.003655529296875 242.0
6.043653541015625 241.0
6.08367255078125 238.0
6.12365859765625 237.0
6.163659447265625 248.0
6.20366055078125 245.0
6.243662482421875 242.0
6.28367951953125 253.0
6.323852181640625 249.0
6.36366373046875 247.0
6.403664962890625 246.0
6.44366679296875 264.0
6.48366774609375 263.0
6.523671470703125 252.0
6.563669341796875 259.0
6.5994406875 257.0
6.643675271484375 258.0
6.683678134765625 255.0
6.723678716796875 257.0
6.763690603515625 253.0
6.803677978515625 267.0
6.843695384765625 268.0
6.883679712890625 265.0
6.923685537109375 269.0
6.963687001953125 268.0
7.003681869140625 268.0
7.0437027421875 267.0
7.083690986328125 267.0
7.123686640625 266.0
7.163690640625 268.0
7.20369416015625 267.0
7.243692818359375 265.0
7.28369047265625 266.0
7.32371370703125 266.0
7.3636978125 267.0
7.4036982421875 262.0
7.443696939453125 274.0
7.483703087890625 275.0
7.523716697265625 269.0
7.563701255859375 270.0
7.603704953125 271.0
7.64370573828125 274.0
7.693708142578125 266.0
7.7237065078125 279.0
7.76370658984375 280.0
7.803725755859375 272.0
7.84370808984375 274.0
7.88371612890625 276.0
7.923715607421875 273.0
7.963715244140625 286.0
8.003716865234376 277.0
8.04372836328125 280.0
8.083717423828125 293.0
8.123717361328126 283.0
8.16372166796875 285.0
8.20390821875 288.0
8.243722166015624 278.0
8.28372304296875 283.0
8.319492427734374 286.0
8.363723095703126 289.0
8.403729671875 275.0
8.443730251953125 281.0
8.48373041015625 282.0
8.523743443359376 270.0
8.5637303125 274.0
8.603733212890624 278.0
8.643735025390624 265.0
8.68373933984375 270.0
8.723739798828126 270.0
8.759505921875 272.0
8.803738958984376 265.0
8.843741568359375 268.0
8.88374195703125 266.0
8.92374587890625 262.0
8.963744787109375 261.0
9.00374246484375 259.0
9.04374373828125 264.0
9.083748482421875 254.0
9.123751224609375 262.0
9.163749912109376 249.0
9.203750146484374 239.0
9.243756439453126 241.0
9.2837698203125 238.0
9.323757982421874 238.0
9.363753990234375 229.0
9.41376012109375 225.0
9.44376251171875 227.0
9.48376084375 224.0
9.52377654296875 225.0
9.563764595703125 226.0
9.603776076171876 226.0
9.643768744140624 224.0
9.6837673125 232.0
9.723767056640625 231.0
9.763770884765625 230.0
9.803769611328125 226.0
9.84377375390625 237.0
9.883776279296875 234.0
9.923772376953124 233.0
9.963777935546876 232.0
10.003777845703125 244.0
10.03954570703125 242.0
10.093782439453125 241.0
10.1237812421875 238.0
10.163781025390625 239.0
10.20378454296875 250.0
10.24378555078125 249.0
10.283801298828125 247.0
10.323783984375 244.0
10.363785818359375 252.0
10.4037889609375 251.0
10.4437915703125 249.0
10.49379137890625 248.0
10.5238107578125 255.0
10.563793435546875 254.0
10.603811123046874 252.0
10.643797591796876 260.0
10.679592552734375 258.0
10.723798291015624 256.0
10.763808029296875 255.0
10.803816435546874 260.0
10.84380801171875 259.0
10.88380899609375 258.0
10.92380758984375 269.0
10.963807349609375 268.0
11.0038093515625 264.0
11.0438243828125 269.0
11.08381214453125 268.0
11.133811177734374 268.0
11.163813216796875 269.0
11.203814869140626 269.0
11.243812755859375 265.0
11.283872392578125 266.0
11.323820310546875 268.0
11.36382005859375 268.0
11.403820162109374 262.0
11.443819908203125 266.0
11.48382037109375 266.0
11.523823818359375 276.0
11.5638277265625 273.0
11.603846470703125 274.0
11.643829283203125 275.0
11.683825220703126 276.0
11.723829736328126 271.0
11.75962746875 272.0
11.803832544921875 274.0
11.843833458984374 267.0
11.883834970703125 280.0
11.923839375 282.0
11.963840283203124 272.0
12.0038413828125 275.0
12.043857244140625 285.0
12.083841896484374 277.0
12.123843791015625 279.0
12.1638406796875 280.0
12.2038433203125 274.0
12.243847275390625 284.0
12.283846861328126 290.0
12.323847751953124 291.0
12.36384807421875 281.0
12.399617705078125 282.0
12.44385221875 286.0
12.483855599609376 274.0
12.523855212890625 279.0
12.563868404296874 281.0
12.60385932421875 269.0
12.64385713671875 272.0
12.683857033203125 276.0
12.72386531640625 278.0
12.763861712890625 282.0
12.803875529296874 268.0
12.84386266015625 272.0
12.883864748046875 274.0
12.923867732421876 268.0
12.96386433984375 268.0
13.00386619140625 269.0
13.039637798828124 272.0
13.0838688046875 267.0
13.123870923828125 266.0
13.16387289453125 269.0
13.20387484375 259.0
13.243878578125 256.0
13.28389303515625 255.0
13.32388225390625 255.0
13.363882544921875 248.0
13.40402966015625 248.0
13.4438858515625 243.0
13.48388213671875 234.0
13.523888689453125 228.0
13.563884025390625 229.0
13.60388626953125 227.0
13.64389130859375 228.0
13.679685349609375 225.0
13.723893826171874 226.0
13.763901525390626 230.0
13.80389511328125 231.0
13.843914365234374 229.0
13.883896634765625 227.0
13.923899765625 236.0
13.963895271484375 231.0
14.00390180859375 230.0
14.043922033203126 241.0
14.083904412109375 229.0
14.133905123046874 236.0
14.173908771484374 236.0
14.20390549609375 233.0
14.2439058828125 232.0
14.28391138671875 243.0
14.319677478515626 239.0
14.363908814453126 239.0
14.4039145 236.0
14.44391336328125 248.0
14.4839141640625 245.0
14.52394187109375 243.0
14.5639148828125 241.0
14.60391878125 252.0
14.64391727734375 250.0
14.683921619140625 250.0
14.723924423828125 248.0
14.7639213515625 257.0
14.80392703125 255.0
14.84392626953125 254.0
14.88392634375 253.0
14.9239318828125 258.0
14.959697470703125 257.0
15.003933478515625 266.0
15.04394042578125 270.0
15.083949857421874 269.0
15.123935224609374 269.0
15.163936458984375 268.0
15.203938306640625 267.0
15.243936361328124 270.0
15.283952017578125 268.0
15.323940462890626 267.0
15.36394346484375 267.0
15.41394705078125 266.0
15.44394273046875 264.0
15.48394596875 267.0
15.523943708984374 268.0
15.563966912109375 266.0
15.59971701171875 266.0
15.643948330078125 266.0
15.68395128125 278.0
15.72395203515625 272.0
15.763953900390625 273.0
15.803968240234376 274.0
15.843974474609375 275.0
15.88395680859375 268.0
15.923960390625 270.0
15.963959326171874 271.0
16.00396284765625 274.0
16.039730203125 274.0
16.083962853515626 276.0
16.123965845703125 277.0
16.163965080078125 277.0
16.203969833984374 288.0
16.243973216796874 278.0
16.283985048828125 277.0
16.323969357421873 282.0
16.363970685546875 294.0
16.40397205078125 280.0
16.443976568359375 285.0
16.479743587890624 285.0
16.523977880859373 276.0
16.563980275390627 278.0
16.603984271484375 279.0
16.643982134765626 281.0
16.683981412109375 270.0
16.7239833125 273.0
16.763995890625 273.0
16.803986173828125 277.0
16.843991771484376 277.0
16.883988318359375 267.0
16.92400353125 267.0
16.9639912421875 270.0
17.0039932734375 271.0
17.0439932109375 262.0
17.083995564453126 263.0
17.123995443359377 266.0
17.1641105546875 254.0
17.203999884765626 273.0
17.24400240234375 272.0
17.284019435546874 271.0
17.319769853515623 271.0
17.3640029609375 265.0
17.404004826171874 253.0
17.444007384765627 248.0
17.48400702734375 252.0
17.524011541015625 235.0
17.56401019921875 237.0
17.6040149375 229.0
17.64401076171875 230.0
17.684014291015625 231.0
17.724016275390625 225.0
17.7640141015625 224.0
17.804021556640624 226.0
17.84401765234375 227.0
17.88401830078125 225.0
17.92402394921875 223.0
17.97401891015625 233.0
18.00402296484375 229.0
18.044025201171873 229.0
18.08404077734375 238.0
18.124025267578126 238.0
18.159795625 225.0
18.204033517578125 232.0
18.24403041015625 231.0
18.28404176171875 231.0
18.324032162109376 239.0
18.36403151953125 236.0
18.404121576171875 250.0
18.4440377265625 234.0
18.4840371484375 245.0
18.524040359375 242.0
18.5640520234375 241.0
18.614041853515626 250.0
18.6440432578125 250.0
18.684044978515626 247.0
18.724044455078126 246.0
18.764056951171874 255.0
18.799815404296876 254.0
18.844047775390624 252.0
18.884049181640624 251.0
18.92405069921875 257.0
18.96405281640625 247.0
19.004052517578124 255.0
19.04407157421875 255.0
19.084058646484376 252.0
19.134058798828125 259.0
19.1640590234375 259.0
19.204060271484376 268.0
19.254069494140627 266.0
19.28405944921875 266.0
19.324061611328126 268.0
19.364067181640625 269.0
19.4040668203125 268.0
19.444070521484374 269.0
19.48406746875 268.0
19.5240881015625 269.0
19.56407139453125 268.0
19.604081869140625 266.0
19.644072419921876 267.0
19.684077587890624 268.0
19.72407869140625 264.0
19.76408491015625 268.0
19.804076884765625 275.0
19.84409604296875 277.0
19.89408017578125 273.0
19.92408359375 273.0
19.9640803984375 273.0
