#time(s) power(W)
0.00021916796875 272.725
0.043787837890625 272.1375
0.08378951171875 267.6125
0.12379158203125 271.9875
0.173789685546875 276.79375
0.243791568359375 282.9
0.283797794921875 286.45
0.32379647265625 285.3625
0.363797955078125 283.0125
0.403795123046875 279.0875
0.44379892578125 273.625
0.483799263671875 272.1625
0.519569837890625 274.525
0.563803193359375 266.6625
0.603802654296875 267.1875
0.643803818359375 268.125
0.6838095625 268.8625
0.723807517578125 267.975
0.763809990234375 262.1625
0.80380955859375 255.475
0.843810986328125 252.9625
0.883810640625 249.5
0.923827759765625 246.2375
0.963813671875 241.8375
1.00384133984375 237.6125
1.043822794921875 234.2125
1.083818306640625 230.8125
1.123822896484375 227.4875
1.173825361328125 224.28125
1.243823427734375 224.925
1.283825037109375 240.3875
1.32382332421875 257.875
1.35959539453125 263.0375
1.403830572265625 266.625
1.44383036328125 270.4875
1.48383115234375 273.6625
1.523829869140625 277.1
1.563837609375 282.125
1.603842537109375 286.5625
1.643834111328125 283.9125
1.6838349609375 280.4625
1.723854708984375 278.7125
1.763838802734375 275.3125
1.79960898828125 272.9125
1.84384184375 274.95
1.88384469140625 266.6125
1.92385675390625 267.5875
1.963845775390625 268.4125
2.003867173828125 268.7625
2.0438472734375 266.1
2.083848076171875 256.4125
2.123851837890625 254.65
2.1638860859375 252.2125
2.203859240234375 248.3625
2.25386225 242.3125
2.32385746875 237.25
2.363859771484375 233.05
2.403861015625 230.175
2.439647875 228.1
2.483862447265625 224.825
2.523863529296875 223.35
2.563874662109375 233.3
2.60386677734375 247.0125
2.643892349609375 260.9625
2.68387084765625 264.875
2.723868677734375 267.9
2.76387205078125 271.6375
2.8038699921875 275.15
2.8438717890625 279.625
2.893882830078125 285.21875
2.9638749296875 281.325
3.003895685546875 277.5125
3.043896111328125 278.0
3.079648845703125 271.7125
3.1238805234375 274.125
3.16388176953125 273.25
3.20388503125 267.2375
3.24388601171875 268.35
3.283887884765625 269.125
3.3239022890625 269.35
3.363895275390625 264.9
3.403996333984375 256.7125
3.44388898828125 254.4125
3.483894306640625 251.9
3.53389516015625 249.7125
3.563895265625 243.85
3.60389723828125 240.7375
3.643899162109375 236.7875
3.683897853515625 232.5125
3.719668466796875 229.05
3.763905728515625 226.075
3.803904201171875 223.9875
3.843904439453125 224.35
3.88390473828125 237.575
3.923905873046875 252.6
3.96392371484375 259.55
4.003910943359375 261.525
4.043907779296875 265.8
4.083911822265625 269.2625
4.12391471484375 274.0
4.159681294921875 278.7
4.2039172421875 282.875
4.243917458984375 285.4875
4.283914296875 280.5625
4.323919087890625 279.575
4.363921765625 276.9125
4.4039230390625 271.75
4.4439201328125 274.7
4.483921927734375 267.5875
4.52393033984375 267.2
4.563927609375 268.6375
4.599695798828125 268.9875
4.643928806640625 268.5125
4.683929875 260.0625
4.723930697265625 255.75
4.763930986328125 253.1125
4.803936474609375 250.1375
4.843933271484375 246.55
4.883933912109375 243.075
4.923938830078125 238.4875
4.963952154296875 235.5875
5.003941306640625 231.55
5.03970896875 227.5125
5.0839390234375 225.45
5.12394159765625 224.0875
5.16394319140625 231.9
5.203945181640625 246.15
5.243952109375 257.675
5.283961337890625 262.8375
5.323949994140625 265.0125
5.36395184375 269.6875
5.40395051953125 273.7875
5.443956033203125 278.1625
5.483957431640625 281.925
5.52395827734375 286.3125
5.563955767578125 282.9375
5.6039810546875 279.7625
5.643972662109375 279.325
5.69396030078125 270.7625
5.723964583984375 272.9625
5.763963736328125 272.9125
5.803965123046875 266.575
5.8439625625 267.7625
5.879734896484375 268.95
5.923975310546875 268.8125
5.963968859375 267.0625
6.003972837890625 258.3125
6.0439713359375 254.925
6.083972466796875 252.675
6.123975154296875 248.8375
6.163973619140625 245.025
6.2039761796875 241.775
6.243977662109375 237.275
6.2839912890625 233.925
6.319748880859375 230.45
6.36399519921875 226.775
6.40398361328125 225.0
6.443985876953125 223.4125
6.483983978515625 230.825
6.523988890625 248.8
6.56398907421875 260.5625
6.603990173828125 262.925
6.644004072265625 266.1875
6.683993625 270.1625
6.723994134765625 274.5125
6.7639925234375 278.675
6.803996587890625 283.2125
6.843995705078125 286.3125
6.88399848828125 282.825
6.923998603515625 277.475
6.974017900390625 275.7875
7.00400244140625 271.825
7.044015046875 273.725
7.0840028359375 271.425
7.124005951171875 266.875
7.159803701171875 268.2
7.204009064453125 268.2625
7.244010662109375 266.6625
7.284032435546875 267.025
7.324027375 256.325
7.36401020703125 253.85
7.404016021484375 251.4
7.444015818359375 247.05
7.484018611328125 243.875
7.524020296875 240.225
7.56402008203125 236.4875
7.61402025 232.7375
7.6440380234375 229.2375
7.684025515625 226.7
7.724024109375 224.9
7.764028337890625 225.2625
7.79981992578125 232.5
7.844025271484375 251.7625
7.88402916796875 263.2375
7.924032119140625 266.1
7.964031619140625 269.125
8.004030271484375 273.2125
8.04404609765625 276.575
8.084036392578126 281.6375
8.124036876953125 285.25
8.1740354609375 284.9625
8.204048380859374 282.65
8.25403988671875 278.1875
8.284058724609375 273.9
8.324042322265624 272.1125
8.364042755859375 274.375
8.404288333984375 268.25
8.439821580078124 267.3375
8.484047857421874 267.975
8.524048330078125 268.65
8.56404848828125 268.7
8.604068712890625 264.8625
8.64405095703125 256.5625
8.684051619140625 253.4875
8.7240561796875 250.825
8.764059701171876 246.7875
8.80405465234375 243.8125
8.844057548828125 239.9
8.879827083984376 235.7375
8.924065021484376 231.95
8.96406064453125 228.1375
9.004068650390625 225.775
9.044066224609375 223.775
9.084064994140626 228.9
9.12406581640625 242.9625
9.16406705859375 256.65
9.204069767578124 262.1625
9.2440755390625 265.025
9.284086494140626 268.675
9.32407149609375 272.275
9.364073267578124 277.85
9.40407423828125 280.8125
9.444074951171874 285.6375
9.484079302734376 285.1
9.519846326171875 280.7625
9.5640772578125 277.9
9.6040807578125 271.8875
9.6440842890625 272.6625
9.6840871171875 274.4625
9.7240879375 266.15
9.764089435546875 267.925
9.804089369140625 268.7125
9.844090984375 268.85
9.884091130859375 266.675
9.9240988984375 259.625
9.964091046875 256.4
10.004110666015626 252.6125
10.044094541015625 249.5375
10.084096015625 245.6625
10.1240986484375 241.9375
10.164098771484374 238.425
10.204099365234375 234.425
10.244100611328125 230.7125
10.284118060546875 227.675
10.32410157421875 224.7875
10.35987261328125 224.325
10.404104931640624 231.8375
10.444105708984376 245.15
10.484108345703126 259.9125
10.52410737890625 261.075
10.56410917578125 266.2375
10.6041159765625 268.0125
10.644127126953125 273.35
10.684115744140625 276.9875
10.724118236328126 281.5875
10.764116220703125 285.7
10.79988587109375 283.2125
10.8441282734375 281.0875
10.884123734375 276.9625
10.9241196484375 273.1125
10.96412136328125 273.575
11.004125916015624 271.0375
11.04413175 266.4375
11.084129609375 267.8
11.12413048046875 268.6875
11.16412914453125 268.5
11.2041320546875 265.25
11.25413012109375 255.95
11.284148701171874 254.3875
11.32413263671875 251.4
11.364149625 247.9125
11.404140009765625 243.425
11.43990587890625 240.5625
11.484139517578125 236.775
11.524141111328126 232.6125
11.564140888671876 229.9125
11.6041417578125 226.7125
11.644156841796875 224.6
11.68414589453125 225.25
11.724144724609374 237.2
11.764149138671876 252.0375
11.804145421875 262.8375
11.844150783203125 263.95
11.87991944921875 268.85
11.9241531171875 271.4875
11.9641722890625 275.975
12.004156712890625 279.5625
12.04415850390625 284.725
12.0841582109375 286.425
12.124161384765625 281.8875
12.164159701171876 279.1375
12.204162759765625 274.0
12.24416427734375 271.325
12.284182546875 273.675
12.319932775390624 265.575
12.364184794921876 266.85
12.40416886328125 267.5625
12.44416843359375 268.4875
12.4841693359375 265.275
12.524171458984375 258.375
12.564171125 255.2
12.604172798828126 253.675
12.64419059375 249.5625
12.68417559375 246.825
12.724176232421875 243.0625
12.77418162890625 238.8
12.80418145703125 235.275
12.844182701171874 232.1625
12.88418409375 228.65
12.92418437109375 226.3375
12.95995302734375 224.4875
13.00418728515625 229.8375
13.0441887734375 242.0375
13.084187546875 255.9375
13.124186142578125 261.25
13.164191099609376 265.7625
13.204190884765625 268.0
13.244196099609375 271.65
13.28420996875 276.925
13.324194591796875 280.2625
13.364198326171875 284.8625
13.40439064453125 284.275
13.44420000390625 281.6875
13.484203447265624 277.0625
13.524205890625 270.95
13.564203310546874 272.1625
13.61422561328125 271.875
13.644203224609376 266.0375
13.684225740234375 267.1875
13.724205861328125 267.9875
13.764210412109374 268.625
13.80000926953125 265.4375
13.844229572265625 256.6125
13.88421493359375 254.825
13.92421258984375 252.6125
13.964227236328124 248.3125
14.0042161015625 245.45
14.044217919921875 241.725
14.084217390625 238.1875
14.124221443359374 234.7875
14.17422491015625 230.6625
14.204222966796875 227.625
14.240020890625 225.1625
14.2842249140625 227.9875
14.324243638671875 233.3625
14.36422673828125 249.775
14.404229078125 260.425
14.44423136328125 264.625
14.484231279296875 267.0875
14.524233796875 271.725
14.5642355625 274.9375
14.6042418515625 279.575
14.644237130859375 283.0125
14.68423498828125 287.75
14.724242091796874 281.3
14.764237076171876 277.6375
14.80424080859375 278.3375
14.844242552734375 272.0875
14.880011654296874 273.3
14.924243984375 271.6875
14.96426391015625 266.575
15.004245041015626 267.85
15.044256904296875 268.65
15.084247486328126 268.9
15.124250080078125 264.3875
15.16425413671875 257.825
15.204252375 256.1875
15.244256375 252.0125
15.28425420703125 249.1625
15.320025521484375 244.1625
15.364257099609375 240.675
15.4042660546875 237.6625
15.444258740234375 233.0625
15.484262873046875 229.3625
15.5242641640625 227.15
15.564262212890625 224.9
15.604267923828125 224.35
15.6442663125 234.0875
15.684266994140625 250.975
15.724272146484376 259.9375
15.774273265625 263.8875
15.80427210546875 266.3625
15.8442762734375 270.75
15.88427787890625 274.35
15.92427538671875 279.8375
15.964279703125 285.1375
16.00427734765625 284.9125
16.044279966796875 279.475
16.084281064453126 278.0125
16.12428037890625 276.375
16.1642827890625 271.0625
16.20428696484375 273.9125
16.244286033203124 270.3125
16.284304259765626 268.0875
16.324284791015625 268.4
16.364291833984375 268.6375
16.414294451171877 269.925
16.444291279296873 259.575
16.484298083984374 255.675
16.52429403125 252.9
16.5642978359375 250.2375
16.600065408203125 246.6125
16.644312802734376 242.6875
16.684299453125 239.05
16.7243020546875 235.6
16.764300611328125 232.15
16.80430201953125 228.9375
16.844303099609377 225.875
16.8843043828125 224.4625
16.92430580859375 227.3375
16.964323015625 242.075
17.0043111640625 256.6125
17.040078076171874 263.925
17.084310953125 267.175
17.124311734375 270.0
17.1643136640625 273.7
17.204317771484376 278.0
17.244315521484374 282.075
17.28433658203125 286.6375
17.324323666015626 283.85
17.36431711328125 278.2625
17.40433840234375 278.7625
17.44443753125 273.6625
17.494324564453127 271.7875
17.52432428125 274.3875
17.56432815625 266.425
17.6043289453125 267.5125
17.644342146484377 268.025
17.724330650390623 268.45625
17.76433344921875 259.2125
17.804336548828125 255.125
17.8443381953125 253.2625
17.884337169921874 249.3125
17.924335455078126 246.1875
17.964343134765624 242.4875
18.00433806640625 238.3125
18.04434353125 234.8
18.08434268359375 230.7875
18.13434348046875 227.95
18.174344736328123 225.3625
18.2043463125 223.925
18.2443459609375 230.4375
18.284351181640623 247.0375
18.36434980859375 262.41875
18.404356357421875 267.6
18.444356865234376 270.875
18.484355970703124 275.0375
18.524358740234376 278.3
18.5643585234375 282.9125
18.60435966015625 287.05
18.64437745703125 281.0
18.684363384765625 280.1
18.724363115234375 278.1875
18.76436603125 271.125
18.8043643046875 273.0375
18.84436623046875 274.7375
18.884365607421874 266.4125
18.924372171875 267.625
18.9743689375 266.475
19.004370849609376 267.575
19.0443845859375 261.675
19.0843746875 256.175
19.1243771875 253.3375
19.204377892578126 249.4
19.244379 243.875
19.28439208203125 239.875
19.32438462890625 237.325
19.364409908203125 233.3875
19.444386287109374 229.4
19.484398380859375 228.5
19.52438624609375 226.2
19.564385404296875 226.5
19.604394423828126 236.15
19.644391150390625 249.825
19.684395064453124 262.3875
19.72439452734375 265.4125
19.764395681640625 268.9375
19.814397142578127 274.74375
19.88440085546875 280.2875
19.92440031640625 284.925
19.964414044921874 286.825
20.0001695078125 281.575
