#time(s) power(W)
0.043349873046875 291.0
0.08335176171875 269.0
0.1233524140625 261.0
0.15912135546875 261.0
0.203353955078125 226.0
0.243355486328125 262.0
0.28336299609375 288.0
0.323360435546875 270.0
0.363360912109375 270.0
0.403361330078125 250.0
0.4433657734375 228.0
0.48336119140625 231.0
0.523365455078125 272.0
0.56336591015625 295.0
0.6033678359375 273.0
0.643368197265625 269.0
0.683367072265625 244.0
0.723370625 232.0
0.763373021484375 247.0
0.803382150390625 277.0
0.843373861328125 282.0
0.883377134765625 266.0
0.92338132421875 269.0
0.963377849609375 238.0
1.003381248046875 226.0
1.0433811953125 262.0
1.0833851484375 285.0
1.12338328125 275.0
1.163387125 268.0
1.20338705859375 253.0
1.24338928125 230.0
1.2833877421875 230.0
1.32339596484375 267.0
1.3633934609375 282.0
1.403390572265625 269.0
1.45339405859375 260.0
1.48339192578125 244.0
1.523394994140625 225.0
1.56339744921875 255.0
1.60340010546875 276.0
1.6391950234375 276.0
1.683402138671875 269.0
1.723402052734375 255.0
1.76340251171875 236.0
1.8034055546875 226.0
1.843407515625 264.0
1.88340634375 289.0
1.923407193359375 270.0
1.963406947265625 270.0
2.003407642578125 269.0
2.043414330078125 250.0
2.083412748046875 238.0
2.12341452734375 238.0
2.163414728515625 274.0
2.203415314453125 287.0
2.24342018359375 265.0
2.293417390625 240.0
2.323420162109375 240.0
2.363426552734375 231.0
2.40342170703125 262.0
2.443428173828125 284.0
2.4834317734375 277.0
2.523423603515625 269.0
2.56343826953125 252.0
2.603432056640625 241.0
2.64342988671875 226.0
2.68343003515625 272.0
2.723434875 295.0
2.763434828125 274.0
2.803437091796875 269.0
2.84343241015625 241.0
2.883439974609375 232.0
2.919206234375 245.0
2.963438763671875 281.0
3.003440087890625 274.0
3.0434517109375 269.0
3.083443154296875 254.0
3.123447634765625 245.0
3.163448849609375 225.0
3.20344684765625 264.0
3.243448634765625 278.0
3.28345249609375 271.0
3.32345145703125 270.0
3.363455578125 257.0
3.40369709765625 233.0
3.4434534296875 228.0
3.48345764453125 280.0
3.52345912890625 277.0
3.559226072265625 267.0
3.60345990625 267.0
3.64346370703125 244.0
3.6834645 228.0
3.72346175 252.0
3.763463849609375 279.0
3.803464583984375 283.0
3.8434678125 265.0
3.883468443359375 260.0
3.923472021484375 242.0
3.9634684140625 233.0
3.999238884765625 267.0
4.04347092578125 292.0
4.08347907421875 276.0
4.12347361328125 270.0
4.163476634765625 250.0
4.203475591796875 230.0
4.243477626953125 232.0
4.28348171875 279.0
4.3234796328125 289.0
4.36348640234375 276.0
4.403482283203125 268.0
4.45348520703125 231.0
4.483488013671875 231.0
4.52348928125 258.0
4.563488673828125 273.0
4.603492994140625 278.0
4.639259150390625 267.0
4.6834928359375 259.0
4.723495111328125 234.0
4.763492966796875 230.0
4.80349417578125 278.0
4.8434993984375 286.0
4.883525919921875 274.0
4.923498291015625 269.0
4.963506322265625 254.0
5.003502228515625 234.0
5.04350517578125 239.0
5.079298380859375 269.0
5.1335068984375 269.0
5.16350619921875 269.0
5.203511220703125 262.0
5.243508939453125 245.0
5.283509146484375 228.0
5.323513615234375 257.0
5.3635153671875 279.0
5.4035126875 285.0
5.443513837890625 268.0
5.483518576171875 256.0
5.53351896484375 229.0
5.56351978515625 229.0
5.60352234765625 266.0
5.643520724609375 292.0
5.683522982421875 272.0
5.719291984375 270.0
5.76352465234375 243.0
5.80352815234375 235.0
5.84352790234375 249.0
5.88353130078125 276.0
5.923533193359375 278.0
5.963531640625 268.0
6.003534869140625 257.0
6.043534296875 237.0
6.083534076171875 223.0
6.123538173828125 261.0
6.173537845703125 270.0
6.203539080078125 270.0
6.24354206640625 270.0
6.283545623046875 256.0
6.3235418828125 238.0
6.359311517578125 222.0
6.403545517578125 273.0
6.443547640625 283.0
6.48354780859375 274.0
6.523551212890625 270.0
6.563551787109375 254.0
6.603554431640625 234.0
6.643554771484375 252.0
6.683556111328125 281.0
6.723554107421875 275.0
6.763554935546875 268.0
6.803555615234375 254.0
6.843560083984375 232.0
6.88355885546875 225.0
6.923562185546875 266.0
6.963564169921875 291.0
6.999331203125 271.0
7.0435769765625 271.0
7.083565484375 251.0
7.123564609375 230.0
7.163569376953125 232.0
7.203572373046875 276.0
7.24357213671875 287.0
7.28357659375 275.0
7.323574462890625 269.0
7.363573970703125 239.0
7.403580138671875 229.0
7.443577564453125 257.0
7.483577537109375 280.0
7.523579830078125 285.0
7.563582654296875 267.0
7.6035823203125 257.0
7.639351048828125 237.0
7.6835835546875 230.0
7.723586435546875 267.0
7.76358526171875 292.0
7.803588263671875 272.0
7.843592904296875 269.0
7.883591125 244.0
7.92359113671875 235.0
7.963591671875 235.0
8.003592953125 275.0
8.043596896484376 277.0
8.08360165234375 266.0
8.123597728515625 259.0
8.16359791015625 253.0
8.20361501171875 232.0
8.243602390625 263.0
8.279400375 272.0
8.323604783203125 277.0
8.363605486328124 269.0
8.403760955078125 251.0
8.443609888671874 240.0
8.483610431640624 226.0
8.52360855078125 266.0
8.563609904296875 285.0
8.60361853515625 274.0
8.643614087890626 271.0
8.683619244140624 245.0
8.733615892578126 236.0
8.763617060546874 253.0
8.80362125 282.0
8.84362001953125 277.0
8.883619912109374 269.0
8.919418009765625 261.0
8.963622689453125 244.0
9.0036244921875 224.0
9.043629990234376 266.0
9.083628013671875 278.0
9.123634171875 271.0
9.163631962890625 270.0
9.20362865234375 258.0
9.24363154296875 238.0
9.283636171875 223.0
9.323634599609376 262.0
9.359430126953125 300.0
9.403635515625 276.0
9.443637591796875 268.0
9.483639541015625 253.0
9.523645154296876 223.0
9.563639658203124 248.0
9.603642099609376 266.0
9.6436486484375 273.0
9.683649912109376 269.0
9.723647923828125 256.0
9.763647876953126 249.0
9.7994168125 222.0
9.843653234375 263.0
9.883654734375 285.0
9.923651609375 272.0
9.963656439453125 267.0
10.00365623046875 253.0
10.043654591796875 233.0
10.093658013671876 232.0
10.12365843359375 266.0
10.163665048828125 291.0
10.203660048828125 278.0
10.24366312109375 267.0
10.283664984375 251.0
10.3236665078125 229.0
10.36367048828125 255.0
10.403666650390624 284.0
10.43946419921875 275.0
10.48367047265625 269.0
10.523672685546876 253.0
10.563672375 230.0
10.603672607421874 224.0
10.643675447265625 265.0
10.683678990234375 287.0
10.723677568359374 276.0
10.763678583984374 270.0
10.803682005859375 252.0
10.843681404296875 227.0
10.883686783203125 237.0
10.923689400390625 269.0
10.963685267578125 284.0
11.00368898828125 264.0
11.043700904296875 270.0
11.07948553125 243.0
11.133691564453125 233.0
11.163687880859374 268.0
11.203694703125 279.0
11.24369477734375 282.0
11.283695525390625 269.0
11.323694283203125 259.0
11.36369463671875 237.0
11.403699546875 222.0
11.4436998984375 273.0
11.483702955078124 287.0
11.523700388671875 275.0
11.56370409765625 268.0
11.603705806640624 254.0
11.643706166015624 233.0
11.6837077734375 241.0
11.719476041015625 269.0
11.76370825 282.0
11.80371400390625 268.0
11.843711060546875 261.0
11.88371355078125 247.0
11.92371623828125 226.0
11.963717142578124 267.0
12.0037149765625 278.0
12.0437169296875 270.0
12.0837229453125 271.0
12.123722443359375 250.0
12.16372039453125 241.0
12.203726556640625 235.0
12.243722744140625 272.0
12.283723412109374 282.0
12.323726572265626 280.0
12.373728181640624 270.0
12.4037289140625 256.0
12.443730623046875 235.0
12.483728677734375 241.0
12.523734748046875 279.0
12.563736265625 282.0
12.6037332109375 267.0
12.64373511328125 257.0
12.68373891796875 234.0
12.723736990234375 224.0
12.763740525390626 263.0
12.80373895703125 287.0
12.843741623046874 276.0
12.88374527734375 270.0
12.92374340625 253.0
12.963744150390625 231.0
12.999515212890625 226.0
13.043751076171874 272.0
13.083749052734374 284.0
13.12375521484375 274.0
13.16375369921875 270.0
13.203756849609375 243.0
13.24375902734375 231.0
13.283758419921876 248.0
13.323755587890625 276.0
13.36375732421875 284.0
13.404006595703125 267.0
13.44376378125 258.0
13.483761091796875 249.0
13.523764767578125 225.0
13.56376824609375 263.0
13.60376375 277.0
13.653766361328126 269.0
13.683770767578125 271.0
13.723768673828125 250.0
13.76377165625 226.0
13.8037721015625 227.0
13.839567298828126 274.0
13.883777548828125 287.0
13.92377531640625 265.0
13.963775640625 269.0
14.003779583984375 238.0
14.043782375 230.0
14.0837843203125 261.0
14.123780248046875 286.0
14.173781349609374 278.0
14.203788146484374 269.0
14.243784849609375 249.0
14.283787984375 240.0
14.323791205078125 223.0
14.363792564453124 272.0
14.403789296875 285.0
14.44379031640625 275.0
14.493795576171875 269.0
14.523794873046874 253.0
14.563799158203125 233.0
14.6037966171875 239.0
14.6437971953125 266.0
14.679592826171875 282.0
14.723798091796874 268.0
14.763800978515626 258.0
14.803804556640625 245.0
14.843800396484376 227.0
14.883807478515624 258.0
14.92380666015625 281.0
14.9638075234375 271.0
15.00380883984375 268.0
15.04381863671875 246.0
15.083815537109375 235.0
15.12381166015625 222.0
15.1638140625 276.0
15.2038155546875 287.0
15.24381641015625 275.0
15.283820533203125 266.0
15.319586439453126 251.0
15.363818595703124 230.0
15.403825359375 250.0
15.443822375 273.0
15.483822974609375 287.0
15.52382622265625 266.0
15.5638291875 249.0
15.603825671875 237.0
15.6438287109375 229.0
15.683830052734375 274.0
15.723830529296874 284.0
15.763832748046875 273.0
15.803833466796876 270.0
15.84383452734375 252.0
15.883837662109375 231.0
15.923839296875 228.0
15.959605943359374 269.0
16.00383811328125 284.0
16.04384184765625 274.0
16.08384896875 259.0
16.123842900390624 245.0
16.16384699609375 227.0
16.203850982421876 248.0
16.243847796875 285.0
16.28384718359375 283.0
16.323853306640626 267.0
16.36385253125 256.0
16.413851033203127 235.0
16.443852779296876 227.0
16.483854591796874 272.0
16.52385833984375 294.0
16.5638562734375 270.0
16.60385924609375 270.0
16.643862357421874 246.0
16.683863583984376 236.0
16.723862322265624 236.0
16.763860265625 279.0
16.803868701171876 274.0
16.84386363671875 280.0
16.883867734375 270.0
16.923867734375 243.0
16.963866974609374 234.0
17.003870923828124 260.0
17.039639322265625 283.0
17.08387096875 273.0
17.133875830078125 267.0
17.163878869140625 253.0
17.203877185546876 231.0
17.24388027734375 229.0
17.283878 271.0
17.323879501953126 295.0
17.363882869140625 271.0
17.4040463515625 271.0
17.443886837890624 244.0
17.479679662109376 235.0
17.523887708984375 250.0
17.563888763671876 280.0
17.60389352734375 282.0
17.643895544921875 266.0
17.683889072265625 258.0
17.7238920234375 249.0
17.763893326171875 229.0
17.803893841796874 264.0
17.84389716015625 290.0
17.883896865234377 269.0
17.91969575390625 269.0
17.963898873046876 248.0
18.003904333984377 237.0
18.043900984375 221.0
18.083903576171874 275.0
18.12390237890625 287.0
18.163905140625 277.0
18.203907546875 271.0
18.24390755078125 250.0
18.284030837890626 228.0
18.323909283203125 248.0
18.37391399609375 271.0
18.40391321875 284.0
18.443913427734376 269.0
18.48391720703125 260.0
18.523918828125 242.0
18.55968573828125 224.0
18.60392058984375 263.0
18.64392198046875 282.0
18.6839196484375 265.0
18.72392457421875 268.0
18.76392128515625 253.0
18.803927373046875 243.0
18.843924490234375 225.0
18.883928544921876 266.0
18.923932705078126 292.0
18.963927935546874 277.0
19.013932384765624 271.0
19.043941921875 246.0
19.0839349765625 225.0
19.1339396171875 255.0
19.163939212890625 276.0
19.20394159375 282.0
19.2439394765625 270.0
19.283938662109374 260.0
19.32394253515625 242.0
19.36394518359375 225.0
19.40394416796875 266.0
19.443947517578124 286.0
19.483957541015624 276.0
19.523948619140626 268.0
19.563947693359374 250.0
19.603951873046874 226.0
19.653959240234375 236.0
19.6839558984375 270.0
19.723955916015626 272.0
19.763953962890625 263.0
19.803955734375 269.0
19.839753462890624 240.0
19.88396264453125 227.0
19.923958931640627 260.0
19.9639611328125 279.0
