#time(s) power(W)
0.0432565 259.3375
0.083259025390625 258.2875
0.12325969140625 264.45
0.17327562109375 261.825
0.203261662109375 262.675
0.243261451171875 262.225
0.28327098828125 260.9125
0.323284099609375 261.0625
0.363287146484375 260.875
0.40326643359375 259.8375
0.443266677734375 260.85
0.479038015625 262.4375
0.52326991796875 260.7625
0.563272697265625 262.2625
0.60327705859375 261.3875
0.643276671875 262.7625
0.683275734375 264.35
0.723279421875 260.7375
0.76328248046875 263.525
0.803279107421875 262.275
0.843297486328125 262.3625
0.883285865234375 263.05
0.923283751953125 259.8875
0.97328798046875 262.2125
1.0132890390625 261.925
1.053291599609375 262.65
1.079056837890625 261.75
1.119057849609375 263.825
1.1632899296875 261.8875
1.20329678125 264.725
1.24329318359375 261.55
1.28329811328125 261.175
1.3232979921875 262.2625
1.36331419921875 260.075
1.403300306640625 261.8625
1.44330196484375 261.8875
1.483299416015625 258.925
1.52330417578125 261.1625
1.559071482421875 261.9125
1.6033034921875 261.225
1.643308482421875 263.4625
1.68330689453125 261.5875
1.7233085703125 265.675
1.763310294921875 262.9125
1.8033108203125 261.975
1.843322943359375 261.825
1.883312537109375 261.825
1.92331338671875 261.2
1.963313208984375 261.7375
2.013319294921875 260.525
2.04331826171875 262.475
2.083317470703125 263.0
2.123322455078125 260.6625
2.163324291015625 262.6125
2.203323490234375 262.05
2.253325279296875 263.3375
2.29335471484375 262.5125
2.31909425 262.6125
2.363330169921875 262.9625
2.40332980859375 261.0125
2.443328341796875 260.35
2.483331697265625 261.275
2.523331697265625 262.65
2.56333398828125 259.4
2.60333497265625 261.7
2.653342939453125 261.6125
2.683336564453125 262.1125
2.72333780859375 263.2
2.763340337890625 261.1125
2.803339234375 263.075
2.8433684609375 262.6625
2.883343359375 261.675
2.923343248046875 262.7625
2.96334619140625 260.9125
3.003349412109375 259.4375
3.043357673828125 261.5625
3.083350416015625 259.9625
3.13335307421875 260.925
3.16335246484375 261.775
3.20335400390625 261.3375
3.243356814453125 262.475
3.279124255859375 262.8125
3.3233578984375 262.675
3.363370177734375 263.5375
3.399127896484375 262.0625
3.4433590859375 262.4125
3.483364646484375 263.3625
3.52336119921875 259.7375
3.55913209765625 261.95
3.603364134765625 260.9375
3.64336780859375 259.7375
3.6833675 261.725
3.733385783203125 259.825
3.763370974609375 263.4375
3.803378970703125 261.8125
3.843371185546875 262.3625
3.883392615234375 263.6625
3.919143916015625 262.9625
3.9633792890625 260.375
4.00338092578125 262.3875
4.043391037109375 262.0
4.08338366015625 260.0625
4.123381291015625 263.0
4.163381037109375 260.3
4.203384560546875 262.225
4.243385013671875 262.05
4.283387310546875 260.275
4.323404751953125 262.0
4.37338725 261.875
4.4033923984375 264.5125
4.4434052890625 263.7625
4.483393255859375 261.7875
4.52339384765625 264.5
4.559162845703125 261.7125
4.60340602734375 261.2625
4.643404001953125 260.6625
4.69348121484375 260.3875
4.71916794140625 261.6625
4.763399072265625 261.8
4.803410998046875 260.6375
4.83917265625 261.275
4.883406498046875 262.925
4.923425966796875 261.05
4.96340707421875 265.45
5.013411123046875 262.65
5.04340983984375 263.025
5.083411185546875 263.15
5.12341048828125 260.9125
5.163416779296875 262.2875
5.20342195703125 261.7375
5.24341759375 260.775
5.28341646875 258.5
5.32341887890625 262.1
5.36343405859375 261.9875
5.413424419921875 262.0125
5.453426349609375 261.3875
5.48342589453125 261.125
5.533426205078125 264.0625
5.573437921875 262.2
5.60342981640625 263.2125
5.6434303984375 263.05
5.68342711328125 261.8125
5.723431041015625 261.7375
5.763430294921875 259.375
5.803439154296875 260.15
5.843453216796875 261.7625
5.89343517578125 261.5375
5.919204728515625 263.2
5.96347908984375 262.1375
6.013440234375 263.3875
6.053442701171875 262.9875
6.083453083984375 262.075
6.133445498046875 262.3625
6.1634441328125 262.8875
6.203447392578125 260.7625
6.24344615625 261.9625
6.283445859375 262.0125
6.323465533203125 261.7
6.363450126953125 262.025
6.403470970703125 261.7125
6.4434545859375 261.8
6.48345637890625 263.0875
6.53345818359375 261.4375
6.56345894921875 263.65
6.6034582734375 263.85
6.69346554296875 262.96875
6.77354642578125 260.88125
6.80346937890625 262.35
6.8434787265625 260.325
6.883478587890625 262.0
6.9234860078125 262.4375
6.9634684375 260.6375
7.003469720703125 261.875
7.043479095703125 262.2
7.083475234375 263.4375
7.12347085546875 263.8875
7.173479134765625 262.525
7.243480279296875 262.475
7.283479169921875 260.7625
7.32349609375 261.5125
7.39925034765625 262.625
7.4434859765625 260.6375
7.48348696484375 260.05
7.53349092578125 260.725
7.57350784765625 261.0125
7.643487837890625 263.43125
7.683488978515625 262.35
7.72349208203125 263.6875
7.763494349609375 262.2625
7.843495419921875 261.25625
7.88349965234375 261.9625
7.92350091796875 259.3
8.003507376953126 261.54375
8.04350394140625 261.4875
8.083501111328125 261.0375
8.1635048828125 263.34375
8.203504744140625 263.8875
8.243507455078126 262.125
8.333512484375 262.7
8.3735120078125 260.1125
8.413515478515626 263.85
8.4535124140625 260.0125
8.49351760546875 261.3
8.5635215 261.575
8.599312109375 260.45
8.653550935546875 262.5375
8.733520380859375 262.94375
8.773543708984375 261.9
8.843529869140625 261.925
8.883554650390625 261.5
8.9335261640625 261.2125
8.97353348046875 261.9125
9.013530966796875 259.1
9.053537962890625 259.6125
9.0935578671875 262.4375
9.163539099609375 260.6375
9.203536177734374 263.05
9.243538044921875 261.2625
9.279308099609375 265.0125
9.323558197265625 263.475
9.37354542578125 262.8125
9.453542826171875 260.84375
9.523560068359375 263.4125
9.573565419921875 260.35
9.64355448046875 261.3375
9.693593470703124 262.35625
9.7635556640625 261.775
9.803560671875 262.6
9.843557697265625 262.55
9.87932614453125 263.4625
9.933562427734374 262.89375
10.003562259765625 260.3375
10.04356275 261.75
10.08356456640625 261.5875
10.11933373828125 260.575
10.173587193359374 260.69375
10.243581708984374 262.6125
10.283571076171874 262.9875
10.323570171875 261.9375
10.363591828125 262.3375
10.403579814453124 263.5875
10.44357545703125 262.5
10.4835830390625 263.1
10.523581947265624 261.55
10.573578150390626 261.00625
10.643583078125 259.4
10.683581859375 258.925
10.7235863671875 262.0625
10.7593535 261.7375
10.803585455078125 263.0
10.843585884765625 262.8
10.883587974609375 262.275
10.92358901171875 264.0625
10.96359446875 263.725
10.99938233203125 260.775
11.043603658203125 263.0875
11.08359594140625 259.4875
11.123596458984375 261.5875
11.163597462890625 261.5125
11.203598396484375 259.9625
11.24359934765625 262.7125
11.283599884765625 259.8375
11.32361338671875 264.025
11.363617861328125 262.525
11.3993729765625 263.1625
11.443606431640625 266.325
11.48362006640625 262.225
11.523614318359375 263.4375
11.5636133828125 262.4375
11.603623369140625 260.825
11.64361290234375 261.025
11.693611216796874 261.625
11.73361883984375 262.1875
11.803621345703124 261.7125
11.843623060546875 261.1125
11.883637853515625 261.2125
11.923618333984376 263.1
11.96362396484375 263.9375
12.00362627734375 264.075
12.043636498046874 262.3
12.09363000390625 263.025
12.163630630859375 261.1875
12.203631373046875 261.025
12.24363179296875 260.575
12.283631109375 261.4125
12.3236382265625 261.575
12.363637529296875 260.625
12.403651197265624 260.925
12.4436377734375 263.2625
12.48363876171875 261.3125
12.52364103515625 264.75
12.563642142578125 262.7125
12.603639189453125 262.1
12.643642310546875 263.0
12.67941207421875 260.9
12.72364698828125 262.55
12.76364848046875 262.075
12.80364805859375 258.7875
12.84366429296875 262.625
12.88365156640625 261.5875
12.923668603515624 262.5125
12.96365255859375 262.175
13.00365711328125 261.6125
13.0436584375 263.325
13.0836582109375 262.7375
13.123658884765625 262.7875
13.163659578125 263.0125
13.20366322265625 262.15
13.243660640625 262.325
13.283663482421876 261.0875
13.319432275390625 259.8375
13.3636679375 262.5375
13.403713240234374 260.825
13.4436707578125 260.75
13.483681396484375 263.8375
13.523672619140624 262.5625
13.56366960546875 262.95
13.60367438671875 263.6625
13.643672609375 262.1625
13.683680806640625 262.6
13.72367412109375 263.7625
13.763676982421876 259.275
13.803676162109374 262.425
13.843698357421875 261.8
13.883686396484375 259.1875
13.92368458203125 260.8625
13.95945159765625 260.2625
14.00369272265625 262.75
14.043686373046874 262.7125
14.083690134765625 261.475
14.123692333984375 264.5
14.16369349609375 262.45
14.203689876953124 263.25
14.24369121875 263.5125
14.28369115234375 260.9
14.323693666015625 262.05
14.363713564453125 260.75
14.413695162109375 260.35
14.443701080078124 262.2625
14.483719193359375 262.525
14.523703193359376 260.5875
14.563701150390624 262.6375
14.603703427734375 263.375
14.64370659765625 262.8625
14.683706314453126 264.3875
14.723706369140626 261.875
14.763708330078124 262.575
14.803710123046875 263.1125
14.84372794140625 260.65
14.883723962890626 261.675
14.92371149609375 261.6
14.963735416015625 260.525
15.00371695703125 261.9625
15.03948458203125 259.9125
15.08372115234375 263.8125
15.123718439453125 262.6125
15.163723162109376 262.7625
15.203721716796874 264.2125
15.2437234375 262.35
15.283722630859375 263.2875
15.323729685546875 262.2
15.363746669921875 261.85
15.403749919921875 262.1875
15.44372994140625 261.1875
15.479498234375 259.9625
15.52372923828125 261.025
15.5637349609375 263.0
15.603734150390626 261.8
15.639503853515626 263.4875
15.6837432265625 262.9375
15.723738388671874 263.2125
15.763738951171876 263.75
15.803744412109374 261.85
15.85374551953125 262.65
15.88380380078125 261.7375
15.923742859375 261.175
15.9637464140625 260.8125
16.00374877734375 260.925
16.04375318359375 256.325
16.083750357421874 262.325
16.119517982421876 260.8
16.173752865234373 262.375
16.203756388671874 263.9375
16.2437525546875 261.475
16.28375383984375 265.25
16.32375491015625 263.4125
16.3637574921875 261.45
16.403760908203125 263.225
16.443761236328125 260.8375
16.4837585859375 262.2125
16.523760388671874 261.8375
16.573764447265624 260.1125
16.60376582421875 262.1375
16.643769427734377 261.1625
16.683769787109377 262.3375
16.723771919921877 262.1625
16.75953768359375 262.5125
16.803771033203127 265.0375
16.84378673046875 263.1
16.88377266015625 263.05
16.923777953125 262.25
16.963777408203125 262.0875
17.003777880859374 261.9
17.04377926953125 261.1125
17.083781287109375 260.6625
17.12378178515625 261.2
17.163783318359375 263.225
17.19955073828125 261.5375
17.243787123046875 261.9875
17.283785494140623 263.7375
17.3237838828125 262.2
17.363808228515627 265.6
17.403793822265627 262.3375
17.44379045703125 262.0
17.4837913984375 264.0125
17.52379336328125 260.325
17.563793279296874 262.3875
17.603795630859373 261.7
17.643797169921875 259.9
17.683796654296874 261.6625
17.723800080078124 259.9
17.763798498046874 263.6125
17.803801517578126 262.1
17.853807044921876 262.1
17.883803662109376 263.325
17.923804341796874 262.3125
17.96380521875 263.425
18.003809017578124 264.3625
18.04381020703125 262.7125
18.083813328125 263.2375
18.1240761328125 261.4375
18.1638128125 260.375
18.20381534765625 259.2875
18.243819271484377 261.3125
18.283813935546874 259.9875
18.323820748046874 260.6375
18.363832439453127 263.15
18.4038217109375 262.6125
18.44382016015625 264.2375
18.479590388671873 262.6125
18.52382423046875 262.7875
18.5638274921875 264.025
18.603828052734375 261.3875
18.64382919140625 261.8625
18.683828998046874 261.075
18.72382834375 259.925
18.7638317890625 261.475
18.80383301953125 260.3625
18.84383141015625 260.8375
18.8838555703125 263.25
18.92383599609375 262.2625
18.96383919140625 264.125
19.003841798828127 263.3625
19.043851525390625 262.5875
19.083840966796874 265.2375
19.11963898046875 260.925
19.1638447421875 258.7875
19.203846201171874 262.2125
19.24384742578125 258.7
19.283848548828125 258.9625
19.323850638671875 261.8375
19.363866111328125 260.575
19.404070904296876 262.35
19.4438560859375 261.5625
19.4838573359375 263.1375
19.5238566953125 263.975
19.573857720703124 261.4625
19.603855185546873 262.2625
19.6438575703125 260.625
19.683859740234375 262.175
19.72385901953125 262.175
19.7596295234375 260.0625
19.803862248046876 259.7375
19.843865525390626 260.5375
19.883880619140626 261.8375
19.923867064453123 262.1
19.963868060546876 263.6375
19.99983092578125 261.8875
