#time(s) power(W)
0.000316462890625 264.3125
0.043553994140625 264.3125
0.0835580625 260.45
0.11932695703125 264.2125
0.16356173046875 266.825
0.203562146484375 261.5125
0.24356244921875 259.95
0.283562240234375 260.4875
0.323566283203125 264.65
0.363565056640625 265.275
0.403568251953125 262.9875
0.44356724609375 261.0875
0.483568060546875 260.275
0.52357237109375 263.575
0.57357345703125 265.6875
0.60357443359375 266.7375
0.643576650390625 260.9875
0.683576849609375 260.2875
0.723575591796875 260.725
0.75934660546875 266.7125
0.803581158203125 262.9125
0.84360182421875 261.0125
0.883580939453125 259.0
0.92358198828125 262.5
0.963584439453125 266.275
1.003585689453125 262.9
1.03935498828125 261.175
1.083590904296875 260.3375
1.13359017578125 264.5625
1.163592947265625 264.5625
1.2135910078125 264.2625
1.243596208984375 262.625
1.283597404296875 261.075
1.323595681640625 261.4625
1.363601701171875 262.65
1.399366171875 265.925
1.443598033203125 262.975
1.483598607421875 261.6125
1.52359990234375 259.0875
1.5636035 264.175
1.60360870703125 266.15
1.643606392578125 263.025
1.683605193359375 258.55
1.723624509765625 260.525
1.76362244921875 264.1375
1.80362304296875 265.7625
1.853614078125 263.5
1.88361584765625 259.6875
1.923611517578125 261.4875
1.963613828125 262.4
2.003614943359375 265.275
2.039385591796875 262.7625
2.083619369140625 262.5125
2.1236227265625 258.8875
2.163620142578125 262.575
2.203621755859375 266.1625
2.243625126953125 265.3625
2.283624494140625 261.075
2.323624576171875 258.6125
2.36362927734375 265.3625
2.40362773828125 266.625
2.443633744140625 264.475
2.483633830078125 259.65
2.523632439453125 260.6875
2.56364508984375 263.0
2.603639060546875 265.85
2.643639123046875 263.0375
2.693636453125 263.7125
2.723642572265625 261.2
2.763657306640625 261.975
2.80364274609375 262.8
2.843640822265625 263.075
2.88364718359375 262.1625
2.923649068359375 260.3125
2.96364528125 260.975
3.003645662109375 264.65
3.043657658203125 265.775
3.08365201953125 262.95
3.1236526875 259.6375
3.163654236328125 261.9
3.203651966796875 265.125
3.24365571484375 264.7625
3.28365844921875 262.175
3.31942517578125 260.475
3.363661232421875 261.625
3.4036581171875 262.95
3.44366107421875 264.6875
3.48366284765625 264.375
3.52366547265625 262.1375
3.56366348046875 259.1
3.60366328125 263.2875
3.64366703515625 265.85
3.68368426953125 265.5875
3.723687982421875 260.6625
3.759438212890625 259.7375
3.803672685546875 260.325
3.843684744140625 267.55
3.88367358203125 263.6375
3.92367411328125 260.8625
3.963679734375 258.0875
4.00367663671875 264.5375
4.04368216796875 264.6625
4.083678259765625 264.8125
4.123682953125 261.0125
4.16368049609375 261.5375
4.203683400390625 261.425
4.24368778515625 265.375
4.283685353515625 265.175
4.32368541015625 262.85
4.363689517578125 259.1875
4.413696416015625 262.025
4.443694111328125 264.3625
4.48369429296875 266.5375
4.52369461328125 262.125
4.563693080078125 260.4375
4.599464087890625 260.3125
4.6436984140625 265.6625
4.683698322265625 265.675
4.72369891796875 262.975
4.763698265625 259.6875
4.8037171171875 260.1875
4.843704126953125 263.6
4.8837065234375 265.8875
4.923705791015625 262.325
4.963706408203125 261.9375
5.003705400390625 261.575
5.039477359375 263.175
5.08370888671875 265.275
5.1237143984375 263.8875
5.16371202734375 261.2125
5.203712041015625 259.4
5.24371571484375 262.8
5.28371652734375 264.95
5.3237196953125 266.4375
5.36372295703125 260.3875
5.40372110546875 259.25
5.443721134765625 263.675
5.49372798828125 266.55
5.523728439453125 264.275
5.5637295390625 259.9125
5.603745525390625 259.2125
5.643729541015625 263.525
5.67949727734375 263.9625
5.723728392578125 262.4625
5.763746998046875 263.275
5.803749986328125 260.4625
5.8437324296875 263.1625
5.88374059375 262.2125
5.92373755078125 266.0125
5.963928859375 262.225
6.003742193359375 261.35
6.04374048828125 260.425
6.083743625 263.85
6.123742986328125 265.95
6.163745115234375 262.8125
6.203743892578125 258.875
6.243745666015625 261.7625
6.283747416015625 263.8625
6.333750607421875 265.9125
6.363753326171875 261.45
6.40375023828125 261.7375
6.4437548828125 260.725
6.483755287109375 263.4125
6.519533771484375 265.6125
6.563759353515625 263.7625
6.603758271484375 262.3875
6.643764517578125 258.35
6.68376103125 263.175
6.72377629296875 265.75
6.763766548828125 265.75
6.80379791796875 260.3875
6.843773625 259.475
6.883764361328125 261.625
6.923768541015625 266.3875
6.959536615234375 263.675
7.003772689453125 260.3125
7.043778791015625 257.175
7.08377523046875 263.2
7.1237775078125 265.05
7.16377501171875 262.8
7.2037759375 261.55
7.24377673046875 260.1625
7.283779013671875 262.1375
7.323780705078125 263.9625
7.363780673828125 264.9625
7.403783365234375 263.025
7.44378313671875 259.7125
7.483789060546875 261.575
7.523787296875 264.5125
7.563785294921875 266.8625
7.613788453125 260.8
7.643788333984375 260.0375
7.683806126953125 259.4625
7.72380653125 264.1
7.763792560546875 265.1375
7.799562033203125 263.2375
7.843797392578125 260.4
7.88379771484375 261.75
7.923803646484375 263.1875
7.963798705078125 265.4625
8.003799572265626 263.375
8.043800404296874 262.2
8.083801734375 259.3125
8.12380439453125 262.675
8.16380475 263.575
8.203822279296874 266.7125
8.239575423828125 260.2875
8.28381013671875 259.3875
8.32381034765625 260.55
8.363810462890624 267.3125
8.403817712890625 263.7375
8.44381683984375 260.9625
8.483816939453124 258.2125
8.5238171328125 263.8375
8.563816275390625 264.3375
8.603817599609375 264.5125
8.64382472265625 260.95
8.679589068359375 261.375
8.723822150390625 261.1125
8.76382260546875 264.925
8.803840404296874 264.7625
8.84383239453125 263.45
8.8838316875 258.8
8.92383100390625 261.675
8.963832283203125 263.6375
9.003830361328125 267.35
9.04383530078125 261.7
9.083832142578125 261.9875
9.123835712890624 260.7
9.16383479296875 265.1375
9.203836875 264.2
9.243838478515626 262.8125
9.28384084375 260.675
9.33384979296875 260.1875
9.363840984375 264.4
9.403847453125 265.6625
9.443845994140625 262.975
9.483846005859375 261.675
9.519614650390626 260.1
9.563850341796876 262.475
9.603850451171875 264.725
9.6438491328125 264.8875
9.683850697265624 261.0375
9.72388283984375 259.4375
9.76385433203125 262.525
9.80387446484375 267.175
9.8438615703125 265.425
9.883857044921875 260.2375
9.923859611328124 257.9125
9.963858466796875 263.7375
10.003866705078124 264.775
10.04386323828125 264.6875
10.093878431640626 261.5625
10.1238663203125 261.2875
10.17390498046875 263.925
10.203870697265625 264.35
10.243868806640625 262.4
10.283872748046875 262.2625
10.323869736328126 260.5625
10.40387291796875 262.3625
10.4438763671875 265.8625
10.48387548828125 263.0125
10.5238778203125 259.6125
10.563879994140626 261.4875
10.603881302734376 262.95
10.643881580078125 266.8
10.683897140625 261.7125
10.723884537109376 259.6125
10.763903939453124 260.4125
10.803906666015624 265.0125
10.843891017578125 263.4875
10.883892064453125 263.0625
10.923891119140626 259.4
10.963893234375 261.7875
11.04390046484375 264.06875
11.0838923125 262.1875
11.12389619921875 262.7625
11.163896232421875 259.45
11.203899857421876 262.7875
11.243900712890625 267.0
11.283900845703124 264.175
11.323904685546875 261.65
11.36390355078125 260.625
11.40390783984375 263.125
11.45390373046875 266.7125
11.4841120859375 264.25
11.52390644140625 261.0125
11.56390893359375 261.6625
11.60391359765625 263.6625
11.6439138984375 266.4125
11.68391339453125 263.5
11.723916220703124 262.825
11.7639322734375 260.3375
11.803930375 262.2
11.843916736328126 261.85
11.88391872265625 265.8125
11.923922482421874 262.0125
11.96392458984375 259.9
12.003924271484374 260.8125
12.043930095703125 263.1625
12.093922810546875 266.9875
12.12393065625 261.375
12.17393187890625 259.975
12.243927560546876 259.7875
12.28393458984375 264.825
12.323933658203124 266.7875
12.363937861328125 261.6
12.403934568359375 260.775
12.44393712890625 260.6
12.4839362578125 263.8625
12.52393845703125 264.3625
12.5639388515625 263.3
12.603940802734375 261.1375
12.6439424453125 260.9375
12.683942798828125 261.6625
12.733943603515625 266.38125
12.8039623984375 261.6375
12.843949482421875 258.4375
12.88395343359375 263.225
12.919719291015625 266.2375
12.963949640625 265.0125
13.003950869140626 260.425
13.043955482421875 261.225
13.083961091796874 263.125
13.1239642890625 265.675
13.16395848046875 264.075
13.203959884765625 262.8
13.243964685546874 261.65
13.2839609921875 261.85
13.32396717578125 264.8625
13.359732876953125 264.5
13.4039677421875 263.8375
13.443968798828125 260.475
13.483975701171875 261.5
13.523970392578125 262.9125
13.563992998046874 265.6625
13.603971591796874 262.35
13.64397284765625 260.4625
13.68399264453125 260.975
13.723992083984376 265.15
13.763992587890625 265.5375
13.80398142578125 261.7875
13.843994068359375 261.15
13.8839784765625 259.8125
13.92398232421875 264.825
13.96398663671875 265.4625
13.99975237109375 265.0875
14.043984482421875 262.95
14.0839858125 259.675
14.123988298828126 262.6125
14.163992326171876 263.9875
14.203993408203125 264.4375
14.24399394140625 262.225
14.28399296484375 259.6375
14.323993287109374 263.5625
14.36399924609375 266.0
14.4041141875 264.8375
14.43976612890625 259.825
14.484003146484374 261.7625
14.524000484375 263.175
14.56400035546875 266.175
14.60402104296875 264.0625
14.644004775390625 260.4125
14.684003541015626 260.2875
14.724008404296875 263.3875
14.764026291015625 264.3625
14.804008298828125 263.3
14.84400866015625 262.875
14.8797794375 260.175
14.924012421875 261.25
14.964014078125 264.4
15.00401510546875 266.2125
15.04402684765625 261.475
15.084016796875 260.625
15.13401978515625 262.80625
15.204020064453125 265.75
15.244022154296875 262.8375
15.2840227109375 258.975
15.324026984375 261.875
15.364024068359376 262.45
15.4040318125 266.0625
15.444026181640625 262.0625
15.48402953515625 261.7625
15.519799158203124 260.575
15.564035587890626 263.8375
15.60403194921875 265.3
15.64403716796875 264.7625
15.68404934765625 260.35
15.7240376171875 258.6625
15.764038591796876 260.425
15.80405397265625 267.3
15.84404371875 263.9875
15.884041380859374 261.65
15.924044486328125 258.4
15.97404588671875 264.53125
16.0440499609375 264.1125
16.08404933203125 258.975
16.1240475 262.2125
16.164053837890624 261.85
16.20405196875 264.775
16.244053603515624 262.2875
16.284055607421877 262.8375
16.324053974609374 260.55
16.3640574296875 261.2625
16.4040614921875 262.3875
16.444060673828126 265.5125
16.484060515625 262.0125
16.524063294921874 260.5125
16.564063640625 259.3625
16.59983181640625 264.7125
16.644065712890626 266.2125
16.684067888671876 263.1375
16.7240823515625 258.7875
16.76406991796875 261.1125
16.80408308984375 263.675
16.84407145703125 265.5
16.88407262890625 262.4125
16.924074625 261.0625
16.964082568359373 261.2375
17.0040737890625 264.225
17.0398454296875 264.8625
17.084077435546874 265.0875
17.1240792265625 261.675
17.164084515625 260.6375
17.204081888671876 261.525
17.244085287109375 267.125
17.28408271875 265.275
17.32408791796875 261.2875
17.3640857890625 259.1375
17.404090171875 263.4625
17.4440872265625 267.05
17.4940936171875 262.4875
17.564107263671875 259.6875
17.60410848046875 263.9375
17.644095345703125 263.775
17.679865498046876 264.375
17.724100279296874 260.0125
17.76410270703125 260.7875
17.804107244140624 261.7875
17.844103615234374 263.9125
17.88410480859375 263.8375
17.92410555859375 263.475
17.96410374609375 259.1125
18.004109158203125 259.8625
18.044110380859376 262.225
18.08410835546875 264.8
18.124108005859377 261.7375
18.164115109375 260.2
18.20411455078125 261.55
18.244111896484377 265.2875
18.28411616796875 266.075
18.319909701171873 261.35
18.364115673828124 261.1375
18.4041215078125 259.15
18.4441359609375 264.05
18.484126880859375 265.2375
18.524128138671873 263.25
18.5641261171875 261.725
18.604125333984374 260.075
18.644125158203124 263.0375
18.684140701171874 264.85
18.724141509765627 264.1625
18.774130935546875 261.3
18.804141978515624 259.4125
18.844132541015625 260.65
18.884136458984376 266.6125
18.924137650390627 263.8625
18.95990462109375 261.375
19.004137935546876 257.1875
19.04415181640625 264.3375
19.084141294921874 264.875
19.124144208984376 264.7
19.16414691015625 260.7375
19.204144818359374 261.8
19.2441463828125 262.0625
19.28414675 265.275
19.32415142578125 264.5
19.364152662109376 264.0625
19.39994621484375 259.65
19.444149513671874 262.4625
19.484163521484376 263.225
19.524153509765625 267.1
19.5641904765625 261.0375
19.60415691796875 260.7125
19.6441553203125 260.0625
19.6841708359375 265.7625
19.724163294921876 264.2375
19.7641608671875 264.225
19.804172587890626 260.3375
19.839931474609376 260.2125
19.8841684296875 262.8625
19.924167484375 265.8125
19.96416903125 261.8
20.0006386171875 259.525
