#time(s) power(W)
0.04331794140625 249.0
0.08331941796875 264.0
0.123318744140625 293.0
0.159115720703125 234.0
0.2033200859375 236.0
0.24332490234375 292.0
0.28332522265625 238.0
0.323322333984375 232.0
0.36333081640625 309.0
0.403333359375 250.0
0.443330013671875 231.0
0.483330076171875 307.0
0.523336470703125 268.0
0.563334 226.0
0.603333271484375 300.0
0.6433325703125 282.0
0.6833391484375 234.0
0.723334400390625 282.0
0.76335737890625 281.0
0.813339318359375 231.0
0.843340162109375 260.0
0.8833403671875 292.0
0.923344712890625 239.0
0.96334255859375 236.0
0.999113177734375 297.0
1.043347794921875 243.0
1.083347337890625 234.0
1.123346208984375 304.0
1.163354380859375 260.0
1.203382640625 233.0
1.243352046875 297.0
1.283357181640625 264.0
1.323357783203125 231.0
1.363357505859375 292.0
1.403355224609375 279.0
1.453358853515625 235.0
1.48337489453125 267.0
1.523362896484375 282.0
1.56336160546875 241.0
1.603367396484375 251.0
1.639160580078125 292.0
1.683367962890625 238.0
1.723385365234375 237.0
1.763383525390625 296.0
1.803367115234375 245.0
1.843371544921875 232.0
1.8833708671875 303.0
1.923376642578125 262.0
1.963375345703125 233.0
2.00337518359375 294.0
2.043378455078125 267.0
2.09339483203125 231.0
2.123381228515625 286.0
2.163381880859375 282.0
2.203382857421875 232.0
2.243396529296875 271.0
2.279152580078125 292.0
2.323388947265625 238.0
2.363384220703125 245.0
2.4033857734375 297.0
2.4434052734375 243.0
2.4833966875 233.0
2.52339814453125 292.0
2.5633936015625 261.0
2.603395845703125 231.0
2.643396640625 295.0
2.683396369140625 257.0
2.72339813671875 229.0
2.76339930078125 299.0
2.803399697265625 264.0
2.843402962890625 233.0
2.883403306640625 270.0
2.933409451171875 277.0
2.9634033984375 237.0
3.003442197265625 260.0
3.04341608984375 292.0
3.083410515625 242.0
3.123413130859375 236.0
3.163411982421875 295.0
3.203429435546875 257.0
3.243414865234375 232.0
3.28341321875 308.0
3.323417974609375 263.0
3.363417150390625 230.0
3.403417291015625 305.0
3.4434190390625 270.0
3.48342209765625 229.0
3.523432447265625 298.0
3.57344105859375 282.0
3.603428142578125 232.0
3.643432078125 280.0
3.683433359375 283.0
3.723427044921875 238.0
3.759198541015625 246.0
3.8034311953125 291.0
3.84343048828125 242.0
3.883434107421875 233.0
3.923436380859375 294.0
3.963437462890625 250.0
4.0034583046875 230.0
4.0434411015625 298.0
4.08343990625 264.0
4.12344221875 230.0
4.16344298046875 293.0
4.203444900390625 270.0
4.24344526171875 230.0
4.283446802734375 286.0
4.3234447421875 283.0
4.36344913671875 231.0
4.41345314453125 273.0
4.44345173828125 293.0
4.48345543359375 245.0
4.523453919921875 241.0
4.563457625 291.0
4.599223587890625 241.0
4.643459626953125 236.0
4.683456740234375 309.0
4.7234608359375 252.0
4.763476126953125 229.0
4.8034630390625 303.0
4.8434611171875 260.0
4.88346379296875 230.0
4.923466982421875 295.0
4.963466328125 267.0
5.0034821171875 231.0
5.053468130859375 279.0
5.083473267578125 280.0
5.12347126171875 237.0
5.16347501171875 255.0
5.203477095703125 293.0
5.239243599609375 243.0
5.2834778046875 235.0
5.32348115234375 299.0
5.363480064453125 252.0
5.403481533203125 231.0
5.443485314453125 295.0
5.4834832109375 267.0
5.52349100390625 233.0
5.563488056640625 301.0
5.603489103515625 271.0
5.64348813671875 230.0
5.683495763671875 295.0
5.7235117578125 275.0
5.76350277734375 232.0
5.803493431640625 278.0
5.843493732421875 278.0
5.89349640625 237.0
5.923495462890625 255.0
5.9634969453125 293.0
6.00351114453125 242.0
6.043500662109375 236.0
6.0835025390625 299.0
6.1235081875 248.0
6.16350467578125 230.0
6.20352616015625 308.0
6.24352416796875 265.0
6.2835075390625 229.0
6.323511087890625 303.0
6.363508181640625 271.0
6.403510826171875 231.0
6.4435103515625 296.0
6.48351315625 283.0
6.53351393359375 233.0
6.563515296875 271.0
6.6035225390625 293.0
6.64352190625 237.0
6.68351975 247.0
6.71928898828125 290.0
6.763530806640625 243.0
6.803525146484375 237.0
6.84352566796875 293.0
6.883524810546875 256.0
6.923530083984375 230.0
6.963527087890625 300.0
7.003529798828125 263.0
7.0435416015625 230.0
7.0835346796875 293.0
7.123535716796875 268.0
7.163540927734375 230.0
7.20353732421875 287.0
7.243555609375 281.0
7.283538759765625 234.0
7.3235388984375 262.0
7.35930897265625 292.0
7.403540408203125 237.0
7.443544451171875 238.0
7.483547279296875 297.0
7.523549033203125 247.0
7.56355230078125 232.0
7.603548724609375 298.0
7.64355004296875 261.0
7.683555615234375 230.0
7.723570205078125 304.0
7.763552076171875 269.0
7.803553060546875 231.0
7.8435530703125 299.0
7.883557162109375 275.0
7.92355566015625 231.0
7.96355729296875 277.0
8.0135592421875 282.0
8.04356362109375 240.0
8.08356399609375 244.0
8.1235622890625 291.0
8.163568970703125 246.0
8.199334314453125 242.0
8.243587046875 299.0
8.28356719921875 242.0
8.32356779296875 233.0
8.363573669921875 307.0
8.403576919921875 254.0
8.443575908203124 228.0
8.4835776796875 299.0
8.523577291015625 264.0
8.5635793984375 232.0
8.6035759453125 292.0
8.643582869140625 280.0
8.6835813984375 234.0
8.7236221953125 264.0
8.763585419921874 294.0
8.80358729296875 231.0
8.83935376171875 243.0
8.883586107421875 292.0
8.923591267578125 240.0
8.9636047578125 232.0
9.0035895234375 297.0
9.04359219921875 252.0
9.083595169921875 235.0
9.123598041015626 302.0
9.163594087890624 261.0
9.203593958984374 233.0
9.243598255859375 295.0
9.2836006015625 267.0
9.32360114453125 229.0
9.363601978515625 277.0
9.40360317578125 279.0
9.4436076875 232.0
9.493610453125 254.0
9.52360918359375 294.0
9.563612146484376 232.0
9.60360937890625 234.0
9.6436104921875 292.0
9.679379708984374 241.0
9.723632267578125 229.0
9.763620080078125 308.0
9.8036206484375 255.0
9.843614720703124 229.0
9.8836236015625 301.0
9.92361881640625 262.0
9.9636450546875 229.0
10.003639548828126 291.0
10.04362197265625 278.0
10.083622140625 232.0
10.1193933984375 272.0
10.17362658984375 283.0
10.20362973828125 230.0
10.2436799765625 250.0
10.28363071875 290.0
10.32363180859375 239.0
10.36363635546875 229.0
10.403633662109375 295.0
10.443635486328125 246.0
10.4836483359375 232.0
10.5236397890625 301.0
10.573640189453124 264.0
10.60363897265625 230.0
10.6436425078125 302.0
10.6836418203125 259.0
10.72364307421875 231.0
10.759412876953125 295.0
10.803648296875 278.0
10.843646224609374 235.0
10.88365130078125 269.0
10.92364952734375 280.0
10.9636508203125 241.0
11.003649078125 243.0
11.043663419921876 292.0
11.083659443359375 247.0
11.12365850390625 230.0
11.16365732421875 298.0
11.203659837890624 261.0
11.24366045703125 229.0
11.283660603515624 305.0
11.3236654921875 256.0
11.36366525 230.0
11.41366536328125 298.0
11.4436684609375 265.0
11.48368525390625 227.0
11.523667302734374 287.0
11.563666220703125 281.0
11.599439072265625 232.0
11.643672375 254.0
11.683671279296876 292.0
11.7237196875 236.0
11.76367518359375 237.0
11.80368074609375 298.0
11.843683611328125 243.0
11.88367931640625 236.0
11.923679736328126 292.0
11.96368172265625 260.0
12.003680919921875 229.0
12.04368291796875 306.0
12.08368530859375 269.0
12.12369188671875 228.0
12.1636883828125 298.0
12.203692310546876 275.0
12.23945811328125 228.0
12.283691033203125 277.0
12.323692615234375 282.0
12.363696615234375 233.0
12.40369930859375 246.0
12.443696404296874 293.0
12.483695484375 236.0
12.523697037109375 230.0
12.563698658203124 297.0
12.603700908203125 245.0
12.643700525390624 229.0
12.68371795703125 308.0
12.723707677734374 262.0
12.76371196484375 229.0
12.80370595703125 304.0
12.843707724609375 269.0
12.879504255859375 231.0
12.92371157421875 297.0
12.963711314453125 282.0
13.0037292578125 231.0
13.0437136328125 272.0
13.083717248046876 280.0
13.123715580078125 237.0
13.163717693359375 247.0
13.2037249296875 292.0
13.2437368515625 235.0
13.2837238515625 229.0
13.333723458984375 298.0
13.36372565625 251.0
13.40372861328125 232.0
13.443725828125 303.0
13.483726279296874 260.0
13.523730466796875 231.0
13.56372982421875 295.0
13.603731974609374 268.0
13.643734119140625 232.0
13.68373584375 288.0
13.723736794921875 282.0
13.76374036328125 231.0
13.80373875390625 272.0
13.843741068359375 293.0
13.8837387421875 237.0
13.923745619140625 238.0
13.95951144921875 238.0
14.0037438046875 243.0
14.043744365234375 232.0
14.08374580078125 293.0
14.1237482265625 259.0
14.163751962890625 230.0
14.20376456640625 300.0
14.24376891015625 264.0
14.283753279296874 230.0
14.323753724609375 292.0
14.363754083984375 281.0
14.403759466796876 232.0
14.443765775390625 285.0
14.483760359375 281.0
14.523764166015624 230.0
14.5637593046875 260.0
14.613761259765624 293.0
14.643765994140624 237.0
14.68376519140625 230.0
14.72377394921875 298.0
14.76376766015625 242.0
14.7995363515625 242.0
14.8437700703125 306.0
14.88377093359375 257.0
14.9237758359375 227.0
14.96377703515625 299.0
15.003788873046876 263.0
15.043789169921874 232.0
15.08378048828125 292.0
15.133784134765625 277.0
15.1637827578125 231.0
15.203781130859374 270.0
15.243797173828124 281.0
15.2837833671875 237.0
15.323790958984375 246.0
15.363788001953125 294.0
15.403792095703125 244.0
15.45379325 236.0
15.483792927734376 294.0
15.5237944140625 247.0
15.563792208984376 230.0
15.60379270703125 299.0
15.639581322265625 299.0
15.68379451171875 233.0
15.72379498828125 294.0
15.763800658203126 269.0
15.803798794921875 229.0
15.843807078125 284.0
15.883819681640626 283.0
15.923803591796876 232.0
15.96382139453125 274.0
16.00382146875 294.0
16.043803375 233.0
16.08380931640625 233.0
16.123812763671875 237.0
16.163808990234376 300.0
16.20381453515625 244.0
16.243832818359376 237.0
16.27958238671875 308.0
16.32381666796875 254.0
16.363815314453124 233.0
16.403820990234376 300.0
16.443819158203127 263.0
16.483819912109375 232.0
16.52382350390625 292.0
16.5638246484375 277.0
16.603827201171875 227.0
16.643827134765626 274.0
16.683828634765625 282.0
16.719595228515626 235.0
16.76382916015625 253.0
16.80383075 293.0
16.84383148828125 233.0
16.883831267578124 231.0
16.92383898046875 299.0
16.96385115234375 242.0
17.003834388671876 232.0
17.043840103515624 307.0
17.083840482421873 255.0
17.123840388671876 228.0
17.163846046875 299.0
17.20384144921875 261.0
17.2438465390625 232.0
17.2838440546875 295.0
17.32384538671875 277.0
17.359615025390625 232.0
17.40384879296875 275.0
17.44385080078125 281.0
17.48385071875 241.0
17.523853744140624 246.0
17.563858 293.0
17.603852701171874 245.0
17.64385493359375 230.0
17.683855625 299.0
17.723874916015625 253.0
17.76386325390625 231.0
17.81385980859375 265.0
17.843861271484375 265.0
17.883862357421876 229.0
17.923863236328124 289.0
17.9638793984375 258.0
17.999634703125 231.0
18.043868345703125 296.0
18.083871349609375 282.0
18.123869662109374 228.0
18.16387343359375 271.0
18.203873130859375 293.0
18.243890857421874 242.0
18.2838808515625 245.0
18.323878236328124 290.0
18.36387701953125 243.0
18.403879376953125 231.0
18.44387987890625 303.0
18.48389476953125 263.0
18.52388398828125 232.0
18.563886798828126 297.0
18.6038897578125 266.0
18.65388978515625 288.0
18.68388780078125 288.0
18.723887115234376 271.0
18.763889728515625 234.0
18.803889142578125 273.0
18.8438964921875 277.0
18.88389343359375 236.0
18.923894337890626 270.0
18.963897580078125 293.0
19.003908146484374 242.0
19.043906515625 237.0
19.09390431640625 245.0
19.133903052734375 231.0
19.163901908203126 231.0
19.203903240234375 310.0
19.2439052109375 262.0
19.2796742578125 232.0
19.323907583984376 296.0
19.363908888671876 265.0
19.40391198046875 227.0
19.4439113828125 287.0
19.4839133515625 282.0
19.523911701171876 235.0
19.563913693359375 265.0
19.60391562109375 281.0
19.6439171484375 233.0
19.68391883984375 248.0
19.71968790625 291.0
19.7639230859375 241.0
19.8039233359375 230.0
19.843922943359374 299.0
19.88392625390625 247.0
19.923927626953127 231.0
19.963943513671875 302.0
