#time(s) power(W)
0.05368865625 262.1125
0.083686771484375 261.375
0.123691802734375 256.75
0.1636901484375 261.3625
0.2036896953125 261.4125
0.283696455078125 260.4875
0.323695109375 261.275
0.3636962890625 260.85
0.403734619140625 259.575
0.44370016796875 263.075
0.483702966796875 260.8875
0.52370355078125 258.825
0.56370500390625 260.5875
0.60370416796875 260.4875
0.643703978515625 260.8125
0.723707158203125 260.28125
0.7637080390625 260.2375
0.8037144140625 257.975
0.843729216796875 259.3
0.88374151953125 260.8
0.92373134765625 260.975
0.963731232421875 259.675
1.003718947265625 260.0375
1.04372052734375 262.4625
1.083720384765625 261.2625
1.12372336328125 256.3375
1.16372050390625 260.9
1.20372123046875 259.8125
1.24372935546875 259.2125
1.283725974609375 260.95
1.333755044921875 261.5625
1.3637294140625 260.3875
1.403730896484375 260.625
1.4437315625 261.0875
1.483729455078125 260.7375
1.5637348828125 261.11875
1.603734873046875 258.4125
1.64373550390625 259.3625
1.683739974609375 259.1875
1.723740888671875 261.0875
1.763743771484375 260.5625
1.803744845703125 257.8375
1.84375662890625 261.3125
1.883758482421875 260.7875
1.92376037890625 259.9125
1.973744353515625 260.3
2.0037497265625 259.7
2.043749013671875 260.5875
2.0837487109375 260.1375
2.123755322265625 259.0375
2.203752771484375 259.65625
2.243759412109375 263.1875
2.2837584375 259.425
2.32375767578125 260.3125
2.3637584453125 262.65
2.403762869140625 261.45
2.443758919921875 259.7
2.523761826171875 259.05
2.563764125 261.475
2.613769806640625 260.925
2.683769357421875 260.925
2.72377315234375 256.6125
2.7637711796875 262.1875
2.799539607421875 260.3875
2.8437869765625 257.7
2.883775724609375 258.85
2.92379555078125 261.1375
2.963795564453125 260.9
3.003780607421875 258.625
3.043789228515625 261.85
3.083781798828125 261.8625
3.1237946015625 260.325
3.163784021484375 259.5125
3.2037847734375 259.3
3.253786740234375 260.38125
3.32378780859375 259.75
3.363787826171875 261.7375
3.403792171875 258.8375
3.439559357421875 261.7375
3.48379566015625 261.7125
3.523793470703125 257.5625
3.56379348828125 258.5875
3.60379615625 261.6625
3.6437991171875 263.05
3.683799912109375 259.5875
3.723801361328125 261.0375
3.7637997890625 262.55
3.8038016484375 259.55
3.8438005390625 258.175
3.88382330078125 258.0
3.9238287265625 261.4
3.96382336328125 261.0375
4.003820587890625 260.325
4.0438121875 261.2
4.093810044921875 261.66875
4.1638151875 260.725
4.20381987109375 258.85
4.243816041015625 257.65
4.279585240234375 260.25
4.3238181796875 261.175
4.36382114453125 261.3375
4.403821576171875 258.875
4.443823271484375 261.375
4.4838250390625 261.7625
4.523829154296875 257.825
4.5638281015625 259.5125
4.603825345703125 261.725
4.643827505859375 261.925
4.683829029296875 260.1875
4.723831458984375 262.6
4.76383065625 262.2375
4.803833283203125 260.4875
4.843841986328125 261.8
4.88385244921875 258.0
4.93383965625 259.85625
5.003852138671875 262.425
5.0438387578125 260.3
5.083843392578125 260.6625
5.1196395859375 261.85
5.16384549609375 260.775
5.20384783984375 258.4875
5.24384626171875 260.0125
5.283850357421875 260.9125
5.32384855859375 261.025
5.36385065625 259.525
5.403852166015625 260.7375
5.4438556328125 260.4375
5.483857564453125 261.8
5.523858701171875 261.925
5.57385544921875 259.25625
5.6438599375 261.4
5.683861916015625 261.0875
5.723860705078125 260.175
5.759630505859375 261.7875
5.8038620625 262.0625
5.843868751953125 260.1625
5.88388032421875 259.2
5.923886302734375 261.0
5.963896611328125 261.4375
6.0038707734375 261.2875
6.04387051953125 261.1375
6.08387026953125 261.0375
6.12387390625 260.775
6.163879951171875 261.35
6.213877306640625 260.325
6.283877380859375 260.6875
6.323882869140625 262.8125
6.363883271484375 258.725
6.39965019140625 260.4875
6.443884193359375 261.775
6.48388165625 261.7375
6.523885255859375 259.8375
6.56398432421875 259.35
6.603893572265625 260.975
6.6438936640625 259.6875
6.68388884375 262.875
6.723891703125 261.45
6.7638929296875 259.525
6.803896080078125 261.6375
6.843895134765625 261.675
6.883896572265625 260.2125
6.923901318359375 257.8625
6.963902033203125 261.6
7.003903517578125 261.35
7.043912708984375 259.05
7.08390184375 260.875
7.13392158203125 261.475
7.203907412109375 259.8375
7.239676080078125 256.6125
7.28390840234375 260.7125
7.323912189453125 262.3625
7.3639158046875 259.3125
7.403911826171875 260.5375
7.443916873046875 260.7
7.483914888671875 261.1625
7.52391781640625 259.05
7.563915978515625 259.9625
7.60392082421875 258.2875
7.64392161328125 259.2875
7.68392428515625 261.2625
7.723924474609375 260.6625
7.76392358203125 259.8875
7.803922341796875 260.075
7.843925396484375 262.25
7.89393114453125 261.375
7.92392823828125 257.2625
7.96392840234375 260.65
8.003949865234375 261.525
8.04393416015625 258.8875
8.079701615234375 260.425
8.123937119140624 260.1
8.163937998046874 261.8
8.203936482421875 258.75
8.24393883203125 261.3875
8.284091423828125 259.3125
8.323939134765626 259.925
8.36394490625 262.8625
8.40394110546875 260.25
8.443946580078125 259.9125
8.4839476796875 261.5625
8.519715642578126 262.4875
8.563950298828125 261.1
8.60395165234375 258.0375
8.643954099609376 261.4625
8.6839523984375 261.6125
8.723956060546875 260.0875
8.76395466015625 260.675
8.803957421875 259.5375
8.84395784765625 261.75
8.883970109375 260.3125
8.92420777734375 259.95
8.96396025390625 258.2375
9.00397930859375 264.675
9.04396326171875 263.525
9.083968322265624 259.4
9.133964814453124 261.4375
9.1597347421875 261.25
9.20396790625 260.4
9.24397346484375 261.1875
9.283974068359376 259.225
9.323974720703125 260.95
9.363971443359375 260.6375
9.403976998046875 260.825
9.443976974609376 262.35
9.48397971484375 259.5
9.523983423828126 263.0875
9.563976154296874 262.2875
9.613982033203126 257.75
9.64398455859375 258.6
9.683981658203125 261.325
9.723986935546876 261.95
9.76398696875 259.4125
9.80398945703125 261.925
9.84398574609375 262.7875
9.8839999140625 259.825
9.924006220703125 260.0625
9.96400924609375 259.65
10.003989884765625 260.1
10.044027294921875 260.35
10.083998302734376 260.7125
10.123998958984375 262.3375
10.16399691015625 258.9875
10.203997890625 261.4375
10.25399963671875 262.3875
10.28400276171875 257.1875
10.32400082421875 259.975
10.3640010703125 261.625
10.404050876953125 260.975
10.44400753125 259.6125
10.48400748046875 259.3625
10.524012587890626 261.3
10.5640124375 259.6875
10.60401205078125 259.025
10.644012275390626 258.6125
10.68401176953125 259.5125
10.724015296875 260.925
10.7640157734375 259.1125
10.804209560546875 261.475
10.84402090234375 259.3125
10.879787904296874 259.375
10.92402073046875 260.9125
10.964021650390626 256.9
11.0040250078125 259.0125
11.044037177734374 259.4375
11.084027193359375 262.6375
11.124029802734375 261.0
11.164029796875 258.65
11.20402787890625 261.75
11.244135482421875 260.35
11.28403576953125 259.3375
11.334035646484375 259.4625
11.364038359375 260.5375
11.404039123046875 261.6625
11.44403784375 260.075
11.48403735546875 261.0375
11.5198075859375 259.925
11.56403909765625 262.8625
11.604046462890626 260.3375
11.64404390234375 259.2375
11.684042 259.4
11.7240460703125 261.725
11.764048107421875 261.575
11.804045197265625 260.3625
11.8442798984375 260.5375
11.884050626953124 261.3375
11.924068953125 259.825
11.964071666015625 259.925
12.00405268359375 260.125
12.04407009765625 261.3375
12.08405568359375 263.075
12.12407957421875 260.7125
12.159826912109375 262.25
12.20406049609375 261.6125
12.244064857421876 261.4125
12.284062943359375 260.9875
12.32406390234375 258.5125
12.3640661875 261.8125
12.404064607421875 262.0625
12.44406765625 260.9125
12.484070056640626 261.85
12.52406970703125 259.4
12.56407264453125 262.525
12.614072482421875 261.6625
12.644073201171874 259.8625
12.684075400390626 259.4875
12.724077326171875 261.3875
12.76407905078125 262.7375
12.799846505859374 259.7875
12.84408177734375 261.4625
12.884080482421876 262.2875
12.9240903046875 261.55
12.96409764453125 259.8375
13.004086755859374 259.75
13.044089673828125 261.3625
13.08408908984375 263.2375
13.134101345703124 259.925
13.164086927734376 261.4125
13.204089388671875 260.5625
13.25409015234375 260.775
13.284092328125 260.0875
13.3240965078125 258.6
13.364096861328125 260.7
13.4040964921875 261.8375
13.439873298828125 260.1
13.484098076171875 260.6
13.524098783203126 259.575
13.564099828125 262.4625
13.604101201171876 259.55
13.644107818359375 260.3875
13.684105318359375 258.1125
13.724106474609375 260.225
13.764106615234375 261.9
13.8041134765625 259.3625
13.844113478515625 261.0625
13.8941115 259.975
13.924113884765625 260.025
13.96411623828125 261.275
14.00412812890625 257.925
14.04411490625 260.8375
14.079885474609375 259.7
14.124122103515624 260.8875
14.164119447265625 261.0375
14.20414885546875 258.925
14.244124349609375 262.2
14.28412621484375 259.5625
14.32412473046875 259.5625
14.36412920703125 258.1125
14.404128455078125 260.95
14.444127740234375 260.8625
14.484129736328125 258.525
14.524130162109374 261.125
14.5641328046875 260.4375
14.604133138671875 259.8
14.644135763671875 260.925
14.684135958984376 257.8875
14.734140111328125 259.525
14.764139935546876 261.1875
14.80414144921875 260.3875
14.84414021484375 260.575
14.884141048828125 260.0125
14.919911751953125 260.9875
14.964168896484376 260.7875
15.00414477734375 259.0375
15.04416662109375 259.25
15.084150720703125 260.0375
15.1241801328125 263.0625
15.1641533125 259.2
15.204150849609375 260.8125
15.24415603515625 261.775
15.28415772265625 260.9625
15.3241561328125 262.8625
15.36415961328125 257.5125
15.40445 259.7625
15.4441631953125 261.75
15.48416509375 261.825
15.524161708984375 261.625
15.574162880859374 260.9125
15.60416422265625 264.05
15.64416604296875 260.9875
15.684166138671875 259.325
15.7241679453125 259.8125
15.7641724609375 260.1375
15.8041705859375 263.1875
15.844170466796875 259.675
15.8841740234375 261.4375
15.92418628125 259.825
15.96418904296875 262.1875
16.0041933203125 262.5625
16.044181666015625 259.7625
16.08419365234375 262.0125
16.124179890625 260.0125
16.16418193359375 261.0875
16.214181759765626 260.675
16.24418530078125 260.6375
16.284186736328124 262.2125
16.324186310546875 260.475
16.36418706640625 261.7125
16.404191076171877 260.625
16.44419049609375 259.5125
16.48419255078125 261.975
16.524196716796876 259.8125
16.564195625 260.6625
16.60419681640625 260.9125
16.644196494140626 261.475
16.684199544921874 260.575
16.724200193359376 257.425
16.7642023046875 261.3
16.804205158203125 261.1875
16.8399704296875 258.6625
16.884201775390625 261.6875
16.924214400390625 258.775
16.964219013671876 260.775
17.00420801171875 260.7875
17.044209919921876 257.5125
17.084213337890624 259.375
17.1242126640625 260.0125
17.16421399609375 258.4125
17.204213439453124 259.9
17.244217486328125 261.3125
17.29422717578125 263.4125
17.324216833984377 260.725
17.36421801953125 260.45
17.404220544921873 259.6
17.4442242421875 262.2875
17.484223830078125 261.125
17.52422573046875 260.5
17.564225541015624 261.6125
17.604226005859374 260.0375
17.644229822265626 261.9
17.684231029296875 260.9375
17.7242286875 258.225
17.7642317578125 258.9625
17.804231736328124 259.725
17.844235619140626 261.4
17.884239634765624 260.025
17.934236603515625 258.6125
17.964235240234373 259.9
18.00425188671875 261.525
18.0442408125 258.075
18.084241892578124 258.075
18.120009501953124 260.75
18.164244228515624 260.5125
18.2042436171875 259.9875
18.244249552734374 260.975
18.28424919921875 262.0875
18.32424953125 261.05
18.364251169921875 259.6
18.404249763671874 259.375
18.44424887109375 259.5375
18.484255904296877 261.4125
18.52425683984375 259.7125
18.564252314453125 261.275
18.604255287109375 258.3
18.644259326171873 260.8875
18.6842588359375 259.75
18.72425997265625 257.875
18.760029591796876 259.0375
18.8042639140625 259.2375
18.84426323046875 261.1
18.8842630703125 260.425
18.92426399609375 259.4125
18.964284263671875 261.2375
19.00426680859375 260.625
19.0442857109375 259.7125
19.0842692421875 258.0625
19.1342704140625 260.2
19.16428967578125 259.5625
19.2000515625 259.8625
19.2442780234375 260.675
19.284277537109375 259.9875
19.3242793828125 259.9875
19.364284513671876 260.825
19.4042818671875 258.45
19.4442819453125 257.55
19.484285703125 260.65
19.524283453125 261.3125
19.564283724609375 262.825
19.604285470703125 259.1
19.644289123046875 261.1875
19.68429107421875 260.575
19.724290470703124 258.8125
19.764292826171875 258.2625
19.80429458984375 259.0875
19.84006295703125 260.05
19.884295935546874 260.05
19.924302509765624 260.9125
19.96431846875 258.575
