#time(s) power(W)
3.73359375e-05 252.0
0.043169640625 238.0
0.08317333984375 234.0
0.123156505859375 245.0
0.163169974609375 271.0
0.2031576171875 309.0
0.243155072265625 277.0
0.27892652734375 252.0
0.323159115234375 238.0
0.363174708984375 243.0
0.40340720703125 259.0
0.443179744140625 295.0
0.483179708984375 269.0
0.52318240234375 254.0
0.563188427734375 232.0
0.603182728515625 232.0
0.643171337890625 255.0
0.683185595703125 290.0
0.73316894921875 296.0
0.763172125 264.0
0.803175173828125 250.0
0.843185166015625 238.0
0.883179998046875 246.0
0.918945900390625 281.0
0.96318010546875 294.0
1.003201244140625 267.0
1.04320023046875 240.0
1.0832004296875 230.0
1.123199912109375 238.0
1.16318817578125 269.0
1.203204 308.0
1.24320616796875 286.0
1.283190939453125 253.0
1.323187970703125 248.0
1.358959865234375 240.0
1.403192458984375 249.0
1.443206220703125 293.0
1.483214796875 286.0
1.52319496484375 251.0
1.563200802734375 241.0
1.6032122265625 230.0
1.643221037109375 249.0
1.68322151171875 281.0
1.7232187109375 310.0
1.763204509765625 272.0
1.81320360546875 254.0
1.843218365234375 236.0
1.883228365234375 242.0
1.92322413671875 257.0
1.9632284140625 306.0
2.003213970703125 271.0
2.043231935546875 255.0
2.083229435546875 230.0
2.12323646875 232.0
2.163238193359375 245.0
2.20323475 292.0
2.24323201171875 298.0
2.2832200859375 267.0
2.3232344296875 252.0
2.363242013671875 239.0
2.403239158203125 245.0
2.438992537109375 245.0
2.48322990625 295.0
2.5232728203125 265.0
2.56323008984375 237.0
2.603230806640625 228.0
2.643248884765625 236.0
2.683257048828125 271.0
2.72325233984375 308.0
2.763233912109375 287.0
2.80325512109375 254.0
2.84325816796875 237.0
2.893237548828125 239.0
2.923254740234375 248.0
2.96325931640625 295.0
3.00324219140625 286.0
3.043262875 253.0
3.079012255859375 253.0
3.13325080078125 229.0
3.163261515625 248.0
3.203314419921875 266.0
3.24326229296875 295.0
3.2832539140625 268.0
3.323267197265625 240.0
3.363266982421875 232.0
3.403256376953125 239.0
3.4432553203125 271.0
3.483257009765625 307.0
3.519025982421875 307.0
3.563260744140625 249.0
3.60327896484375 233.0
3.6432588046875 236.0
3.683280017578125 257.0
3.7232955625 296.0
3.76327898828125 296.0
3.803283494140625 287.0
3.843288775390625 251.0
3.88326880078125 242.0
3.923287693359375 235.0
3.9632908828125 254.0
4.00329158203125 283.0
4.043281455078125 296.0
4.083292515625 267.0
4.123274466796875 251.0
4.159045826171875 235.0
4.20327615234375 241.0
4.243296048828125 258.0
4.283290083984375 306.0
4.32329803515625 267.0
4.363284431640625 249.0
4.40330019921875 229.0
4.443287283203125 235.0
4.48330160546875 249.0
4.523305640625 307.0
4.563305083984375 296.0
4.599059296875 254.0
4.643308580078125 248.0
4.68329740625 240.0
4.723309966796875 247.0
4.763315326171875 286.0
4.80330915625 286.0
4.843315396484375 252.0
4.883297625 241.0
4.92332001953125 227.0
4.963299302734375 236.0
5.003306873046875 265.0
5.039072609375 307.0
5.08330835546875 285.0
5.1233206015625 251.0
5.1633100078125 240.0
5.203326060546875 241.0
5.243340853515625 261.0
5.283330404296875 294.0
5.323327662109375 275.0
5.363332181640625 244.0
5.403537501953125 232.0
5.4433163203125 232.0
5.49331763671875 287.0
5.523344125 287.0
5.56332138671875 298.0
5.60332179296875 270.0
5.64333990234375 252.0
5.67909228515625 238.0
5.723324392578125 245.0
5.763348099609375 275.0
5.803326966796875 296.0
5.84332744921875 270.0
5.883348197265625 242.0
5.92334689453125 230.0
5.963344064453125 232.0
6.0033339453125 266.0
6.0433527578125 303.0
6.08335448828125 291.0
6.119105638671875 257.0
6.16333889453125 246.0
6.20333830859375 239.0
6.24334068359375 247.0
6.283363310546875 288.0
6.323346015625 290.0
6.3633581953125 256.0
6.40336037109375 237.0
6.443380251953125 226.0
6.483363638671875 238.0
6.523348779296875 283.0
6.563373109375 310.0
6.603357935546875 277.0
6.643352447265625 253.0
6.68335586328125 240.0
6.723355408203125 241.0
6.75912551171875 259.0
6.803378740234375 295.0
6.843372515625 275.0
6.883377869140625 246.0
6.9233770078125 229.0
6.96339465234375 237.0
7.003366603515625 249.0
7.043379994140625 307.0
7.083366328125 295.0
7.123371474609375 273.0
7.163372595703125 246.0
7.20336971484375 240.0
7.243386421875 243.0
7.2833764921875 273.0
7.323395275390625 293.0
7.363390890625 271.0
7.413380060546875 230.0
7.44339545703125 230.0
7.483391126953125 232.0
7.523379732421875 267.0
7.56340276953125 308.0
7.599151376953125 289.0
7.643384177734375 255.0
7.68338777734375 245.0
7.723386359375 237.0
7.763388408203125 245.0
7.803402544921875 296.0
7.843404154296875 289.0
7.883392486328125 257.0
7.923411169921875 239.0
7.963409626953125 229.0
8.00341381640625 254.0
8.03916468359375 282.0
8.083413259765624 307.0
8.123418458984375 277.0
8.163401595703125 252.0
8.203400017578126 237.0
8.24340382421875 239.0
8.283405576171875 260.0
8.32340326953125 306.0
8.363408181640626 275.0
8.40340598828125 247.0
8.443426611328125 231.0
8.47917794921875 233.0
8.523411421875 255.0
8.563412888671875 307.0
8.6034160390625 296.0
8.643431830078125 258.0
8.683414998046874 252.0
8.72343586328125 241.0
8.763437841796875 245.0
8.803431611328126 271.0
8.843440955078124 296.0
8.883437189453126 255.0
8.923443556640626 244.0
8.96343962109375 229.0
9.003439193359375 237.0
9.04344095703125 263.0
9.08344835546875 309.0
9.12344378125 287.0
9.16343208984375 253.0
9.2034426640625 236.0
9.243432119140625 239.0
9.283435078125 259.0
9.323437625 294.0
9.363438224609375 286.0
9.4034575 250.0
9.443453357421875 239.0
9.483455439453126 234.0
9.523461359375 255.0
9.5634550390625 283.0
9.603458359375 296.0
9.643462134765626 262.0
9.683466927734376 248.0
9.7234688359375 236.0
9.759217498046874 237.0
9.803471080078126 269.0
9.84346968359375 307.0
9.883470865234376 277.0
9.923472267578125 248.0
9.963473943359375 232.0
10.00345796484375 234.0
10.043475365234375 255.0
10.083462654296875 307.0
10.1234585859375 289.0
10.1634631796875 253.0
10.213473931640625 241.0
10.243477572265625 234.0
10.283466064453124 242.0
10.3234810625 287.0
10.36348364453125 297.0
10.399237041015626 267.0
10.44347391015625 243.0
10.4834862578125 231.0
10.5234740390625 240.0
10.563495595703126 272.0
10.603500513671875 308.0
10.643494900390625 273.0
10.6834931484375 247.0
10.723494845703126 236.0
10.76348408203125 238.0
10.8034979140625 259.0
10.84349857421875 306.0
10.88350240234375 284.0
10.923498783203126 248.0
10.963506728515625 240.0
11.003500033203125 235.0
11.039256662109375 249.0
11.08349321484375 292.0
11.1235097265625 295.0
11.1635079921875 272.0
11.20351041015625 246.0
11.243511576171874 236.0
11.28349483203125 239.0
11.32351473046875 272.0
11.36352462109375 308.0
11.403512724609374 275.0
11.443525931640625 247.0
11.49350179296875 231.0
11.523515423828124 233.0
11.563503140625 256.0
11.603522515625 308.0
11.643510400390625 289.0
11.679276443359376 254.0
11.72351052734375 245.0
11.763514275390625 241.0
11.803535533203124 252.0
11.843535458984375 288.0
11.88351261328125 292.0
11.923513453125 268.0
11.963534708984374 242.0
12.003539095703125 231.0
12.04353354296875 239.0
12.083538609375 273.0
12.13354246875 309.0
12.173540287109375 273.0
12.203523447265624 244.0
12.243522076171875 236.0
12.28352503125 237.0
12.323529111328124 259.0
12.363544248046875 305.0
12.40352731640625 286.0
12.443552630859376 250.0
12.48354966015625 243.0
12.523551986328124 234.0
12.563549603515625 246.0
12.603556681640624 289.0
12.643539330078125 298.0
12.6835609140625 254.0
12.72355901953125 248.0
12.77354408203125 236.0
12.803558462890624 237.0
12.843557451171876 269.0
12.883547322265626 307.0
12.9235438984375 276.0
12.9593158828125 250.0
13.00357041015625 232.0
13.043566748046874 234.0
13.08356723828125 257.0
13.123567623046876 308.0
13.163555873046874 290.0
13.2035711484375 251.0
13.243571958984376 243.0
13.283579158203125 236.0
13.32357783203125 246.0
13.36357744140625 295.0
13.3993290703125 290.0
13.443564109375 256.0
13.48356585546875 247.0
13.52358033984375 232.0
13.56357711328125 242.0
13.60358409765625 278.0
13.643585091796876 309.0
13.68356765234375 269.0
13.723570966796874 251.0
13.76359115625 232.0
13.80358960546875 235.0
13.839342171875 258.0
13.8835754140625 308.0
13.92359639453125 269.0
13.96359371484375 250.0
14.003579341796875 233.0
14.04357805078125 233.0
14.0835826171875 246.0
14.123582150390625 295.0
14.163686244140624 288.0
14.203587021484376 256.0
14.243584697265625 244.0
14.279356724609375 233.0
14.32360584765625 243.0
14.36360521875 283.0
14.403612037109376 308.0
14.4436099609375 263.0
14.4836162734375 250.0
14.523593408203125 234.0
14.563609904296875 242.0
14.60361495703125 268.0
14.64362925390625 308.0
14.683612626953124 288.0
14.72361763671875 250.0
14.7636012109375 234.0
14.803621046875 237.0
14.843607890625 257.0
14.88360907421875 294.0
14.93361089453125 285.0
14.96360725 248.0
15.003625376953124 240.0
15.043620666015626 234.0
15.083627451171875 241.0
15.123644 284.0
15.1636343203125 295.0
15.203631029296876 271.0
15.243633818359376 246.0
15.283621904296876 234.0
15.323636125 241.0
15.363638876953125 262.0
15.403642298828125 308.0
15.443640109375 273.0
15.483638625 245.0
15.523624982421875 234.0
15.573627587890625 237.0
15.603627943359376 258.0
15.64364384765625 293.0
15.683652271484375 287.0
15.72364903125 251.0
15.759401333984375 243.0
15.80365780859375 235.0
15.843653353515625 246.0
15.883648982421875 283.0
15.923657541015626 296.0
15.963653986328126 261.0
16.003656837890624 248.0
16.0436439453125 233.0
16.083665115234375 236.0
16.12366004296875 269.0
16.163644978515624 307.0
16.199415166015626 275.0
16.243663630859373 250.0
16.28366130859375 234.0
16.323649900390624 235.0
16.36366384765625 256.0
16.403649771484375 307.0
16.443674294921873 289.0
16.483671947265623 252.0
16.523675244140627 240.0
16.563659986328126 235.0
16.603673134765625 254.0
16.639428662109374 295.0
16.683663408203124 297.0
16.72366214453125 269.0
16.76368887109375 251.0
16.8036628828125 238.0
16.84369199609375 244.0
16.8836811796875 269.0
16.923667517578124 295.0
16.9636860703125 266.0
17.003690724609374 248.0
17.043685373046873 229.0
17.08369253125 238.0
17.12369368359375 253.0
17.163677978515626 308.0
17.20369530859375 285.0
17.243695810546875 261.0
17.29367919921875 248.0
17.323680841796875 239.0
17.363679421875 243.0
17.403866123046875 286.0
17.443687693359376 287.0
17.479454033203126 256.0
17.523705423828126 234.0
17.563709896484376 226.0
17.6037018359375 242.0
17.643706787109377 269.0
17.683692044921877 309.0
17.723714103515626 276.0
17.763708279296875 255.0
17.80371625 239.0
17.843713361328124 241.0
17.88370276953125 250.0
17.92370277734375 295.0
17.963721228515624 286.0
18.003703408203126 248.0
18.043704458984376 233.0
18.083703197265624 235.0
18.11947386328125 247.0
18.163706119140624 291.0
18.203726404296876 296.0
18.243711572265624 273.0
18.283874796875 245.0
18.323713423828124 237.0
18.36371256640625 237.0
18.4037130625 271.0
18.44373446875 307.0
18.483718927734376 276.0
18.523736916015626 246.0
18.57373409765625 233.0
18.603721365234374 235.0
18.643723908203125 255.0
18.68372223046875 306.0
18.72372708203125 282.0
18.7594933984375 257.0
18.8037245859375 236.0
18.843745365234376 237.0
18.883731091796875 258.0
18.92373302734375 294.0
18.9637343359375 287.0
19.00373016015625 251.0
19.043743345703124 243.0
19.083736236328125 234.0
19.133757974609374 253.0
19.163739 281.0
19.2137566640625 306.0
19.24373959375 267.0
19.2837579609375 252.0
19.3237426171875 235.0
19.363744703125 241.0
19.399513078125 263.0
19.44374713671875 307.0
19.483749517578126 272.0
19.523765123046875 247.0
19.5637511796875 235.0
19.603769578125 235.0
19.643773591796876 248.0
19.683772203125 292.0
19.723762353515625 289.0
19.7637735078125 264.0
19.803757287109374 245.0
19.853757736328124 236.0
19.883774197265623 238.0
19.923775744140624 270.0
19.963772943359373 295.0
20.0004847265625 277.0
