#time(s) power(W)
0.04333429296875 276.0
0.0833353203125 243.0
0.123338103515625 236.0
0.15910709765625 266.0
0.203337982421875 292.0
0.243344412109375 248.0
0.2833432109375 237.0
0.32334503515625 258.0
0.36334588671875 298.0
0.40360044140625 246.0
0.443347439453125 233.0
0.483348501953125 256.0
0.523352935546875 310.0
0.56334998046875 259.0
0.613353759765625 237.0
0.6433533671875 242.0
0.683354876953125 297.0
0.72335475 265.0
0.763357435546875 238.0
0.79912650390625 237.0
0.84336098046875 295.0
0.88337466796875 290.0
0.923361818359375 249.0
0.96338527734375 240.0
1.003370314453125 270.0
1.043383046875 289.0
1.083370033203125 245.0
1.123370603515625 233.0
1.163370376953125 254.0
1.20336825 301.0
1.24337046484375 253.0
1.283374615234375 239.0
1.323373177734375 252.0
1.36337814453125 307.0
1.403377947265625 251.0
1.453375814453125 234.0
1.483381376953125 239.0
1.52337919140625 307.0
1.563385 268.0
1.603386521484375 244.0
1.63915301171875 243.0
1.683386013671875 289.0
1.723386255859375 279.0
1.763389197265625 242.0
1.80338805078125 237.0
1.843395041015625 268.0
1.883393744140625 290.0
1.9233961328125 247.0
1.9634048984375 237.0
2.003395185546875 256.0
2.04339940625 297.0
2.079166263671875 249.0
2.1234006328125 232.0
2.16340020703125 245.0
2.20340187890625 309.0
2.24340312890625 262.0
2.2834067265625 232.0
2.323406228515625 245.0
2.363407986328125 306.0
2.40340694140625 271.0
2.44341207421875 235.0
2.48340787890625 236.0
2.523414080078125 296.0
2.56343139453125 274.0
2.603415060546875 250.0
2.64341468359375 241.0
2.683417453125 284.0
2.71918551171875 285.0
2.763418171875 242.0
2.803422771484375 234.0
2.843426140625 270.0
2.88342505859375 294.0
2.923422609375 254.0
2.963422505859375 237.0
3.0034246640625 259.0
3.04344670703125 298.0
3.083435501953125 254.0
3.12342898828125 234.0
3.173517994140625 241.0
3.203435765625 308.0
3.2434337890625 264.0
3.28343422265625 237.0
3.323433984375 241.0
3.363437251953125 297.0
3.403439439453125 275.0
3.443441546875 241.0
3.483440666015625 240.0
3.52346010546875 281.0
3.563459515625 288.0
3.603447064453125 246.0
3.643448869140625 234.0
3.683448341796875 274.0
3.723451537109375 288.0
3.7634503125 248.0
3.81345016796875 235.0
3.84345625390625 258.0
3.883469705078125 297.0
3.92345859765625 258.0
3.963456083984375 235.0
4.003460419921875 247.0
4.043472123046875 309.0
4.08346015625 259.0
4.12346294921875 233.0
4.16346395703125 240.0
4.203464728515625 298.0
4.24346438671875 270.0
4.283464859375 243.0
4.3234676953125 240.0
4.36347141796875 288.0
4.403468455078125 289.0
4.4392654453125 289.0
4.48346939453125 239.0
4.523475466796875 276.0
4.563491724609375 290.0
4.60348019921875 248.0
4.643474958984375 240.0
4.683476064453125 258.0
4.723481193359375 298.0
4.763479404296875 247.0
4.80348076171875 229.0
4.8434823125 252.0
4.893694240234375 310.0
4.92348614453125 257.0
4.96348847265625 239.0
5.0035066953125 244.0
5.053489953125 297.0
5.07925855078125 297.0
5.133492984375 233.0
5.16349373046875 240.0
5.203493216796875 290.0
5.243495033203125 276.0
5.28349755859375 255.0
5.32349733203125 238.0
5.363502138671875 273.0
5.40370437890625 283.0
5.4435014140625 248.0
5.483499607421875 232.0
5.5235038125 258.0
5.563505818359375 297.0
5.603506060546875 256.0
5.643508037109375 239.0
5.68351110546875 242.0
5.73350765234375 296.0
5.76351056640625 255.0
5.803513591796875 230.0
5.843517203125 245.0
5.883519455078125 307.0
5.91928387109375 307.0
5.963531970703125 243.0
6.003516970703125 241.0
6.043521607421875 287.0
6.0835241171875 270.0
6.12352327734375 245.0
6.163525328125 234.0
6.203525603515625 284.0
6.243524638671875 292.0
6.283527619140625 252.0
6.323529552734375 252.0
6.3635288359375 238.0
6.403529498046875 257.0
6.4435313984375 296.0
6.4835328984375 249.0
6.523531697265625 232.0
6.559303744140625 251.0
6.6035396171875 310.0
6.6435394609375 254.0
6.68354043359375 240.0
6.723543880859375 253.0
6.763543064453125 308.0
6.803541951171875 253.0
6.843552162109375 231.0
6.883546720703125 239.0
6.92354745703125 296.0
6.963549912109375 272.0
7.013551810546875 241.0
7.043570236328125 241.0
7.08355259765625 278.0
7.123553400390625 286.0
7.163555111328125 241.0
7.19932302734375 235.0
7.24355855859375 266.0
7.28356006640625 300.0
7.323563142578125 252.0
7.36356070703125 237.0
7.40380166015625 249.0
7.443568876953125 296.0
7.483568056640625 258.0
7.523585486328125 232.0
7.563575126953125 245.0
7.60356755859375 307.0
7.653568388671875 238.0
7.683572259765625 238.0
7.72357322265625 240.0
7.763575609375 295.0
7.803573888671875 271.0
7.84357903515625 244.0
7.883579046875 235.0
7.9235773671875 284.0
7.9635894375 284.0
8.003580568359375 245.0
8.043586291015625 237.0
8.08358194921875 273.0
8.123583310546875 284.0
8.16358582421875 251.0
8.203587765625 235.0
8.243590005859375 260.0
8.29358912109375 253.0
8.323592302734374 253.0
8.363590515625 238.0
8.403595814453125 244.0
8.443596583984375 308.0
8.479362845703125 255.0
8.523602037109375 234.0
8.5635969140625 239.0
8.603599716796875 308.0
8.64359763671875 278.0
8.683604662109374 244.0
8.723601056640625 241.0
8.7636053359375 283.0
8.8036079296875 277.0
8.84386019921875 241.0
8.883610404296874 237.0
8.923612169921874 278.0
8.9636125546875 291.0
9.003612767578124 251.0
9.043612013671876 237.0
9.08361173046875 258.0
9.133615224609375 260.0
9.163616759765626 260.0
9.2036213046875 237.0
9.24362076953125 255.0
9.28361767578125 308.0
9.31939141796875 253.0
9.363623130859375 235.0
9.403623755859375 245.0
9.443624837890624 307.0
9.48362282421875 272.0
9.523627900390625 235.0
9.563627912109375 240.0
9.60363271875 292.0
9.643632611328124 277.0
9.683633787109375 247.0
9.723631966796875 241.0
9.773633396484374 287.0
9.803633751953125 287.0
9.843635583984375 241.0
9.88363714453125 235.0
9.9236373359375 256.0
9.963639546875 297.0
10.00364668359375 258.0
10.04365847265625 235.0
10.083643669921875 246.0
10.1236467421875 309.0
10.17365069140625 233.0
10.21364677734375 244.0
10.243645744140625 244.0
10.283655515625 309.0
10.323650138671875 271.0
10.36365508984375 236.0
10.39945030078125 245.0
10.443655548828126 293.0
10.483658341796875 272.0
10.523674865234375 243.0
10.563659056640626 241.0
10.603660765625 282.0
10.64366133203125 286.0
10.683662775390625 244.0
10.723663931640624 236.0
10.763665224609374 261.0
10.803663955078125 287.0
10.8536726875 235.0
10.883673333984374 235.0
10.92366990234375 248.0
10.963685703125 310.0
11.003671150390625 256.0
11.039441041015625 235.0
11.08367519921875 241.0
11.123680654296875 307.0
11.16367690625 269.0
11.203683140625 233.0
11.243680208984374 240.0
11.283680451171875 294.0
11.32368034375 270.0
11.363681486328124 246.0
11.40368301953125 236.0
11.44370559765625 284.0
11.4837050703125 282.0
11.52368752734375 250.0
11.5636966796875 236.0
11.603690626953124 273.0
11.643693705078125 285.0
11.679460943359375 250.0
11.723694697265625 236.0
11.763695841796874 260.0
11.803697830078125 311.0
11.843697845703124 251.0
11.883700216796875 238.0
11.92369987890625 242.0
11.963699619140625 309.0
12.0037232734375 254.0
12.043718630859376 232.0
12.083706783203125 240.0
12.123705265625 308.0
12.1637053125 277.0
12.203711279296876 245.0
12.243710203125 241.0
12.283710599609375 288.0
12.333714119140625 287.0
12.36371273046875 243.0
12.403716490234375 234.0
12.443717810546875 275.0
12.48371891796875 289.0
12.51948655078125 249.0
12.5637165390625 240.0
12.60372291015625 259.0
12.643721115234374 296.0
12.68372559765625 249.0
12.723725763671874 231.0
12.763724892578125 254.0
12.803725740234375 309.0
12.8437287578125 262.0
12.8837335859375 236.0
12.923731376953125 244.0
12.97373514453125 307.0
13.003735873046875 270.0
13.043736966796875 242.0
13.0837363984375 237.0
13.123739 285.0
13.159506015625 274.0
13.203740001953125 249.0
13.243739970703125 236.0
13.283743283203124 273.0
13.323741611328124 289.0
13.3637480078125 248.0
13.403746951171875 236.0
13.44374787109375 253.0
13.483748146484375 292.0
13.52376625 253.0
13.563748529296875 236.0
13.61374925 243.0
13.643752927734376 309.0
13.6837556640625 254.0
13.72375520703125 237.0
13.763755708984375 257.0
13.803758974609375 308.0
13.84375974609375 270.0
13.883763083984375 242.0
13.923781521484376 242.0
13.9637642890625 288.0
14.003780634765626 266.0
14.043777287109375 240.0
14.08376602734375 237.0
14.123773333984374 278.0
14.16376934765625 290.0
14.203769609375 252.0
14.239539517578125 236.0
14.28377279296875 256.0
14.323776669921875 288.0
14.363772951171875 256.0
14.403776458984375 233.0
14.443779193359376 255.0
14.483782642578126 310.0
14.523780115234375 253.0
14.563778796875 237.0
14.60378608984375 243.0
14.643784830078125 308.0
14.68378566015625 259.0
14.723787646484375 234.0
14.76378840625 245.0
14.803788689453125 295.0
14.84379165234375 272.0
14.893802490234375 245.0
14.923794197265625 240.0
14.96379510546875 276.0
15.00381537890625 278.0
15.043814248046875 245.0
15.07956535546875 236.0
15.13379933984375 274.0
15.163801783203125 297.0
15.203802630859375 252.0
15.2438022890625 238.0
15.283809224609374 247.0
15.323813982421875 296.0
15.363805283203124 248.0
15.403807326171876 230.0
15.4438202265625 253.0
15.48382721875 309.0
15.5238102421875 272.0
15.563811095703125 237.0
15.60381468359375 244.0
15.643815990234375 294.0
15.683815978515625 269.0
15.719584927734376 239.0
15.763821416015626 234.0
15.803821255859376 289.0
15.843822884765626 288.0
15.883821134765626 252.0
15.9238251796875 243.0
15.9638266640625 271.0
16.003842474609375 287.0
16.04382399609375 242.0
16.083826470703126 232.0
16.123831552734377 257.0
16.16382770703125 299.0
16.203833033203125 261.0
16.243830201171875 237.0
16.28383309375 248.0
16.323839810546875 307.0
16.359635138671877 260.0
16.40384024609375 231.0
16.443857548828124 241.0
16.483839130859376 305.0
16.523841599609376 276.0
16.563844646484377 247.0
16.603843640625 237.0
16.64384749609375 288.0
16.683846265625 275.0
16.72384728515625 242.0
16.763850072265626 240.0
16.80385001171875 271.0
16.84385248828125 289.0
16.883856546875 249.0
16.9238530390625 236.0
16.963856375 256.0
16.99962408203125 298.0
17.04385825 250.0
17.083862470703124 237.0
17.123859470703124 252.0
17.163866705078124 309.0
17.203862236328124 255.0
17.243862259765624 234.0
17.283866060546874 241.0
17.32386739453125 308.0
17.3638703125 268.0
17.40386901953125 242.0
17.43963708203125 238.0
17.483873259765623 294.0
17.523872373046874 273.0
17.56387737109375 248.0
17.603873701171874 235.0
17.64387830859375 283.0
17.67964558203125 287.0
17.723875609375 245.0
17.76388177734375 234.0
17.803884203125 259.0
17.843884390625 296.0
17.89388375 249.0
17.923885904296874 235.0
17.96390385546875 247.0
18.00390544140625 307.0
18.04388981640625 260.0
18.079657482421876 233.0
18.1238888828125 244.0
18.16389358984375 309.0
18.203891201171874 273.0
18.2438941328125 243.0
18.28389846875 242.0
18.3238993359375 291.0
18.363898966796874 267.0
18.40389903125 242.0
18.443921107421875 239.0
18.483911896484376 287.0
18.5239163203125 291.0
18.56390637109375 247.0
18.603906568359374 237.0
18.6439059296875 263.0
18.683907361328124 298.0
18.719677232421876 250.0
18.7639133125 236.0
18.80390899609375 252.0
18.84391799609375 308.0
18.883915630859374 254.0
18.9239178359375 234.0
18.963933064453126 240.0
19.003917875 308.0
19.043928224609374 270.0
19.08391998046875 236.0
19.1239235078125 237.0
19.16392178515625 294.0
19.203923341796877 273.0
19.243926673828124 245.0
19.2839277890625 241.0
19.32392761328125 288.0
19.359723978515625 288.0
19.403928060546875 245.0
19.443948177734374 238.0
19.48393833203125 275.0
19.52394526171875 289.0
19.563935849609376 249.0
19.603934017578126 235.0
19.643938203125 261.0
19.683936986328124 298.0
19.7239414296875 253.0
19.76394233984375 239.0
19.80394321484375 244.0
19.8439414609375 309.0
19.883944294921875 265.0
19.923946267578124 235.0
19.963948998046874 240.0
19.999716193359376 297.0
