#time(s) power(W)
0.04306794921875 234.0
0.08306832421875 256.0
0.123072892578125 288.0
0.163116466796875 247.0
0.203108224609375 241.0
0.243073865234375 295.0
0.283076671875 266.0
0.32307933984375 237.0
0.363078140625 245.0
0.40307902734375 297.0
0.44308354296875 253.0
0.483084458984375 235.0
0.5230854765625 286.0
0.56308391796875 271.0
0.603084974609375 244.0
0.653088291015625 241.0
0.683091443359375 309.0
0.723089171875 259.0
0.76309245703125 235.0
0.80309151171875 261.0
0.83886121484375 290.0
0.883094572265625 245.0
0.923095796875 240.0
0.963110181640625 294.0
1.00310172265625 258.0
1.0431029453125 233.0
1.0831018515625 258.0
1.12311964453125 290.0
1.16310398828125 249.0
1.20310298046875 237.0
1.24310672265625 287.0
1.2931073671875 264.0
1.3231089765625 242.0
1.36311256640625 245.0
1.403400529296875 308.0
1.443114244140625 260.0
1.478880255859375 236.0
1.523116556640625 273.0
1.56311231640625 281.0
1.60311621484375 243.0
1.643115478515625 242.0
1.683120091796875 309.0
1.7231256953125 261.0
1.76312409765625 233.0
1.803123009765625 259.0
1.8431416953125 300.0
1.88312609375 249.0
1.933127208984375 238.0
1.963132541015625 296.0
2.003130912109375 275.0
2.043132103515625 234.0
2.083129521484375 245.0
2.11890066796875 309.0
2.16313233984375 252.0
2.203135701171875 236.0
2.243136130859375 274.0
2.2831358515625 289.0
2.323138369140625 243.0
2.363142498046875 244.0
2.403139453125 308.0
2.443143546875 254.0
2.48337591015625 235.0
2.523169103515625 260.0
2.5631525078125 289.0
2.60314869140625 244.0
2.643150390625 236.0
2.68314895703125 295.0
2.723149125 265.0
2.758920037109375 236.0
2.80315730078125 246.0
2.84315359375 297.0
2.883171578125 251.0
2.92315784375 235.0
2.963161236328125 286.0
3.00316118359375 279.0
3.043174671875 242.0
3.08316079296875 243.0
3.123163357421875 308.0
3.163162658203125 258.0
3.213167134765625 233.0
3.24316600390625 260.0
3.2831670234375 284.0
3.32317018359375 247.0
3.36316908984375 242.0
3.403174068359375 308.0
3.443172443359375 262.0
3.4831731640625 232.0
3.5231921953125 258.0
3.5631784765625 299.0
3.6031764375 252.0
3.65317807421875 238.0
3.6831795546875 287.0
3.723182861328125 275.0
3.763180798828125 235.0
3.803188041015625 245.0
3.838978333984375 308.0
3.883186798828125 254.0
3.923189146484375 237.0
3.963193125 264.0
4.0031897734375 292.0
4.043190328125 250.0
4.08319325390625 241.0
4.123192890625 294.0
4.163198830078125 254.0
4.203197107421875 229.0
4.243195830078125 258.0
4.293196435546875 302.0
4.323199638671875 253.0
4.363199697265625 245.0
4.403200328125 287.0
4.443204255859375 266.0
4.47899923828125 226.0
4.5232034375 246.0
4.563210275390625 312.0
4.603211037109375 254.0
4.643206931640625 240.0
4.683212822265625 264.0
4.723209564453125 269.0
4.76321362109375 233.0
4.803218373046875 236.0
4.843219318359375 309.0
4.883220421875 276.0
4.923217810546875 238.0
4.96321923046875 249.0
5.003223509765625 282.0
5.04322114453125 238.0
5.083226603515625 235.0
5.1332413671875 296.0
5.163225005859375 278.0
5.213227037109375 240.0
5.243227857421875 248.0
5.283231228515625 294.0
5.3189986015625 248.0
5.363233451171875 231.0
5.40323690234375 284.0
5.443233884765625 291.0
5.48323813671875 249.0
5.523270638671875 245.0
5.563240955078125 296.0
5.6032401484375 254.0
5.6432412109375 231.0
5.683243138671875 251.0
5.72324059765625 292.0
5.77324905078125 254.0
5.803245072265625 245.0
5.8432476015625 289.0
5.883260087890625 257.0
5.9232545 228.0
5.959018193359375 228.0
6.003251169921875 311.0
6.043257271484375 255.0
6.08325583203125 243.0
6.123254013671875 275.0
6.163259447265625 267.0
6.203271619140625 228.0
6.24325655078125 245.0
6.283261150390625 311.0
6.3232604140625 257.0
6.363261166015625 243.0
6.41326416015625 262.0
6.443265169921875 278.0
6.483265546875 236.0
6.523268765625 236.0
6.563268939453125 305.0
6.59903801953125 305.0
6.64327075 241.0
6.683271576171875 246.0
6.72327166015625 288.0
6.7632757578125 238.0
6.80328023828125 237.0
6.843294677734375 291.0
6.8832946953125 274.0
6.92327840625 251.0
6.963279529296875 245.0
7.003281087890625 295.0
7.039051689453125 295.0
7.083285193359375 232.0
7.12328425390625 270.0
7.1632875546875 286.0
7.2032925625 249.0
7.2432949765625 243.0
7.28329057421875 295.0
7.323291853515625 256.0
7.3632922734375 227.0
7.40329437890625 256.0
7.44329850390625 295.0
7.49329869140625 255.0
7.5232970234375 241.0
7.56330652734375 287.0
7.603302474609375 287.0
7.643304546875 263.0
7.68330440625 230.0
7.7233080703125 253.0
7.763304861328125 310.0
7.803309298828125 257.0
7.843305412109375 242.0
7.883312326171875 277.0
7.923311095703125 273.0
7.963581625 229.0
8.003315087890625 249.0
8.04331176953125 307.0
8.0833153671875 272.0
8.133514587890625 263.0
8.163317283203124 263.0
8.203322740234375 289.0
8.24332050390625 241.0
8.2833221484375 235.0
8.31909055859375 308.0
8.3633223203125 277.0
8.4033245859375 241.0
8.44332692578125 250.0
8.483326005859375 290.0
8.523347859375 244.0
8.563330931640625 232.0
8.60333070703125 279.0
8.64333241015625 270.0
8.68333701171875 248.0
8.723333546875 247.0
8.759136173828125 307.0
8.8033365390625 253.0
8.84335472265625 232.0
8.883339134765626 271.0
8.92334073046875 291.0
8.963344046875 247.0
9.00334340234375 243.0
9.0433464140625 296.0
9.083346642578125 257.0
9.123364439453125 231.0
9.163350068359374 259.0
9.199117611328125 299.0
9.243350693359375 251.0
9.283353509765625 243.0
9.323355283203124 286.0
9.363353712890625 270.0
9.4033577890625 232.0
9.4433570703125 254.0
9.48335792578125 310.0
9.523360248046876 258.0
9.563363486328125 239.0
9.603361375 275.0
9.653361748046875 239.0
9.683362978515625 239.0
9.723364064453126 240.0
9.763368068359375 308.0
9.8033670234375 274.0
9.839137369140625 237.0
9.883375765625 260.0
9.923372443359375 284.0
9.9633776328125 239.0
10.00337334375 233.0
10.043374044921874 295.0
10.08337859375 280.0
10.123376603515625 240.0
10.163379796875 246.0
10.203388166015625 295.0
10.2433819140625 253.0
10.293384587890625 270.0
10.323384779296875 270.0
10.3633875546875 284.0
10.403385416015626 250.0
10.44338942578125 246.0
10.479156724609375 298.0
10.5233937421875 247.0
10.5633895234375 231.0
10.603392546875 267.0
10.643394482421876 295.0
10.68339739453125 253.0
10.72339568359375 242.0
10.76339762890625 289.0
10.80339945703125 253.0
10.843401291015626 233.0
10.883408982421875 253.0
10.923404140625 308.0
10.96340258203125 256.0
11.0034020390625 240.0
11.04342022265625 276.0
11.0834076328125 276.0
11.133431185546875 249.0
11.16341280859375 249.0
11.20341865234375 309.0
11.243414580078126 249.0
11.28341654296875 238.0
11.319182875 262.0
11.363420904296875 281.0
11.403719119140625 243.0
11.44342114453125 236.0
11.48341864453125 308.0
11.523423826171875 277.0
11.56341966796875 239.0
11.6034254296875 247.0
11.6434292734375 288.0
11.683427662109375 243.0
11.72342594921875 236.0
11.773429634765625 274.0
11.80342908984375 274.0
11.84343124609375 247.0
11.883440119140625 248.0
11.92343398828125 309.0
11.959202482421874 253.0
12.003434513671875 233.0
12.04343766796875 259.0
12.083436587890626 287.0
12.12343826171875 252.0
12.16344333984375 247.0
12.203442896484376 296.0
12.24345617578125 251.0
12.2834468671875 232.0
12.323447529296875 254.0
12.36344914453125 298.0
12.4034521484375 249.0
12.44344648046875 238.0
12.483449435546875 287.0
12.523463390625 265.0
12.563452390625 229.0
12.6134544765625 311.0
12.643455330078124 311.0
12.683456787109375 256.0
12.723457630859375 243.0
12.763458583984375 276.0
12.803461619140625 274.0
12.84346219921875 232.0
12.88346920703125 241.0
12.923467265625 308.0
12.963465431640625 262.0
13.0034644296875 239.0
13.043470697265626 256.0
13.08346605078125 287.0
13.12348159375 236.0
13.16347076953125 238.0
13.203488537109376 290.0
13.253474796875 276.0
13.2834761796875 240.0
13.323474265625 243.0
13.3634781171875 289.0
13.403480720703126 247.0
13.443483404296876 233.0
13.48347959765625 286.0
13.52349519140625 288.0
13.5634822734375 249.0
13.603482916015626 248.0
13.64348949609375 308.0
13.693489236328125 249.0
13.723488572265625 232.0
13.76349079296875 266.0
13.80349129296875 289.0
13.843503755859375 244.0
13.87926176171875 238.0
13.923493478515624 295.0
13.96349915234375 262.0
14.00349872265625 233.0
14.043497150390625 255.0
14.083505009765625 297.0
14.123501896484376 246.0
14.16350311328125 237.0
14.203520005859374 286.0
14.243504548828126 269.0
14.283505720703126 234.0
14.3335091328125 248.0
14.363509861328126 308.0
14.40350966015625 262.0
14.4435092109375 237.0
14.483566890625 271.0
14.523549728515626 284.0
14.56351491015625 241.0
14.603515734375 239.0
14.64351546875 307.0
14.683522509765625 255.0
14.723522755859374 237.0
14.76351959375 257.0
14.8035374375 294.0
14.84353646484375 247.0
14.883523193359375 234.0
14.923526845703124 286.0
14.973526240234374 278.0
15.0035334296875 239.0
15.043538125 245.0
15.08353161328125 307.0
15.12352957421875 253.0
15.15930087890625 235.0
15.2035488828125 273.0
15.243535205078125 279.0
15.283539904296875 244.0
15.323535375 243.0
15.36354098046875 307.0
15.403538939453124 259.0
15.44354404296875 233.0
15.483545025390624 260.0
15.52358155078125 292.0
15.5635451796875 249.0
15.5993139765625 238.0
15.643544861328126 297.0
15.683551220703125 273.0
15.723548025390626 236.0
15.763570916015626 247.0
15.803554623046875 310.0
15.8435537890625 252.0
15.88355883984375 239.0
15.92355428515625 270.0
15.963559203125 276.0
16.003558798828124 244.0
16.05355871484375 238.0
16.083561740234376 308.0
16.123561248046876 253.0
16.163564255859374 234.0
16.2035635859375 256.0
16.2393337109375 288.0
16.28356701171875 242.0
16.323567884765627 234.0
16.363568828125 295.0
16.403826529296875 267.0
16.44357005859375 237.0
16.4835902265625 245.0
16.523573904296875 297.0
16.56357891015625 245.0
16.603582103515624 239.0
16.64357676953125 284.0
16.693581572265625 274.0
16.7235808203125 243.0
16.763582166015624 242.0
16.803582671875 308.0
16.8435999609375 250.0
16.87935316796875 232.0
16.923588310546876 268.0
16.963586525390625 288.0
17.003587265625 245.0
17.043590369140624 238.0
17.083599126953125 297.0
17.12360862890625 265.0
17.16359276953125 235.0
17.20360330078125 253.0
17.243598328125 298.0
17.28359879296875 247.0
17.3336017578125 243.0
17.363602109375 275.0
17.403600798828126 270.0
17.443604509765624 243.0
17.4836031015625 240.0
17.519373099609375 311.0
17.563605814453126 253.0
17.6036144453125 239.0
17.64361064453125 262.0
17.683849580078125 272.0
17.72361633203125 242.0
17.76361296875 238.0
17.803614212890626 308.0
17.843630234375 266.0
17.88362758984375 237.0
17.923622357421873 248.0
17.959386755859374 289.0
18.00361785546875 248.0
18.04362059375 233.0
18.08362305859375 294.0
18.123625912109375 271.0
18.163630361328124 240.0
18.2036317578125 245.0
18.243627390625 296.0
18.28365596484375 244.0
18.323629955078125 233.0
18.363630546875 283.0
18.403630228515624 284.0
18.44363307421875 248.0
18.483646951171874 243.0
18.52365080859375 308.0
18.56363714453125 247.0
18.613638896484375 230.0
18.6436437421875 257.0
18.683639978515625 297.0
18.723641421875 254.0
18.76364316796875 241.0
18.799440916015627 289.0
18.84366462890625 272.0
18.88364817578125 230.0
18.92365008984375 255.0
18.963651353515626 309.0
19.003649572265626 255.0
19.0436620234375 240.0
19.083656517578124 271.0
19.123655396484374 273.0
19.16370475 231.0
19.20366192578125 237.0
19.239426177734376 311.0
19.283656005859374 257.0
19.32365878515625 242.0
19.3636616015625 266.0
19.4036607109375 286.0
19.44366816015625 238.0
19.48366859375 241.0
19.52368728515625 307.0
19.563670044921874 270.0
19.603673486328123 240.0
19.6436694921875 246.0
19.68367662109375 296.0
19.7236720078125 241.0
19.7636892109375 238.0
19.80367751953125 283.0
19.843693326171874 275.0
19.893684384765624 246.0
19.9236803828125 243.0
19.963683373046877 302.0
20.00017153515625 247.0
