#time(s) power(W)
0.043790921875 213.025
0.083790798828125 214.05
0.12378870703125 246.0875
0.163795103515625 251.45
0.203806 248.6
0.2438167109375 229.0875
0.2838010078125 212.0125
0.3237963203125 212.65
0.363793767578125 215.5125
0.404055490234375 244.7125
0.443820326171875 250.575
0.483812513671875 249.5375
0.523820072265625 231.25
0.563805783203125 212.6
0.599572607421875 211.8625
0.643807578125 214.0375
0.683809587890625 241.925
0.7238231484375 251.125
0.76382743359375 249.175
0.803814666015625 234.9875
0.843815046875 211.7625
0.883812703125 212.1125
0.9238118984375 213.225
0.96382962890625 239.1125
1.00383453125 250.225
1.05381880859375 243.16875
1.1238186875 212.1375
1.163822087890625 211.675
1.20384172265625 214.0125
1.23962087890625 237.7125
1.28384090234375 250.375
1.323828095703125 249.2875
1.363826345703125 239.8875
1.403833333984375 212.85
1.443858677734375 212.225
1.483849375 213.3
1.5238515 235.625
1.5638333828125 249.925
1.603838802734375 249.8
1.6438409453125 242.6375
1.683836765625 212.6875
1.72385496875 212.9
1.7638560703125 213.3
1.80384113671875 232.25
1.843840775390625 249.8375
1.893867119140625 246.9625
1.963862015625 213.7375
2.003859919921875 212.125
2.0438460703125 213.1875
2.08384865234375 230.3
2.123852990234375 249.75
2.163854021484375 248.9125
2.203868615234375 247.3875
2.243875126953125 213.425
2.28385848828125 212.1625
2.333872884765625 220.6375
2.403860134765625 250.075
2.443875673828125 249.25
2.483869064453125 247.625
2.523901587890625 214.25
2.56387759765625 212.85
2.603864849609375 213.0125
2.643866673828125 225.45
2.683872216796875 250.25
2.723891853515625 249.5125
2.773871162109375 232.14375
2.843876552734375 212.7625
2.89387166015625 218.03125
2.963908046875 250.3125
3.003901349609375 249.2625
3.0438925 247.675
3.083878677734375 218.925
3.123882505859375 212.875
3.163880765625 212.7625
3.203905130859375 220.45
3.243898671875 250.975
3.283887138671875 249.7125
3.323887830078125 247.675
3.36389137890625 219.9
3.4138906328125 212.89375
3.48390515234375 218.1375
3.523910818359375 250.2625
3.56389978125 250.4625
3.599665482421875 247.5125
3.64389865234375 222.5
3.683902591796875 212.475
3.723921380859375 213.2
3.7639241484375 216.075
3.80390706640625 248.5375
3.844110015625 251.1625
3.883906591796875 248.0
3.923906041015625 225.0125
3.963935853515625 212.075
4.003925328125 212.85
4.053909859375 231.9
4.119680791015625 250.7875
4.173916330078125 237.75
4.24395233203125 212.6875
4.283933431640625 212.55
4.323919994140625 214.8125
4.36392240625 245.3875
4.403921068359375 251.2
4.44394350390625 248.7375
4.483958599609375 230.225
4.523942912109375 212.1125
4.56392794921875 212.425
4.60392940234375 214.4625
4.6439296171875 244.0375
4.67972610546875 250.7875
4.723946755859375 249.5125
4.76394855078125 233.125
4.803934169921875 212.45
4.843933390625 212.025
4.883937375 214.0375
4.9239377734375 241.475
4.963957056640625 251.0375
5.003982265625 249.2
5.0439432109375 235.1375
5.0839435078125 211.8625
5.13396078125 212.0625
5.16395116796875 213.15
5.203962515625 238.95
5.243963947265625 250.5375
5.2839475625 249.5375
5.319718767578125 238.025
5.363952759765625 212.3125
5.40395034765625 212.0875
5.443975123046875 214.075
5.48397205859375 236.25
5.523998806640625 250.55
5.563956296875 249.45
5.603959376953125 241.2375
5.64396059375 212.3375
5.683959755859375 212.9375
5.72397669140625 212.7375
5.76397475 235.2
5.803965380859375 249.9625
5.843965259765625 249.2625
5.883967962890625 242.65
5.923970818359375 212.6875
5.973974076171875 212.425
6.00398882421875 213.5375
6.0439839296875 231.4
6.083975544921875 249.8625
6.123977849609375 249.375
6.163977697265625 245.2375
6.203996498046875 213.2
6.243996748046875 212.325
6.284001060546875 212.975
6.3239839296875 229.6125
6.363985451171875 249.9375
6.403982833984375 249.375
6.444004044921875 247.575
6.48400268359375 213.5625
6.524011380859375 212.6125
6.563991072265625 212.725
6.614002228515625 227.9375
6.654008841796875 249.7375
6.68399066796875 249.3875
6.724012544921875 244.1
6.764010861328125 214.0625
6.799764390625 213.1875
6.84399551171875 212.7625
6.8839973984375 225.0625
6.923998306640625 249.8125
6.964018017578125 249.7375
7.00402727734375 247.65
7.044010421875 216.3125
7.084008962890625 213.1625
7.124006224609375 213.275
7.164004404296875 222.0
7.204019869140625 250.5125
7.2540157578125 249.6
7.284028080078125 248.1625
7.32401301953125 218.95
7.3640152890625 213.0125
7.40401179296875 213.1625
7.439810806640625 219.6375
7.484038060546875 250.875
7.524033734375 249.45
7.56401807421875 248.7125
7.604024638671875 221.3875
7.644025521484375 213.05
7.68402712890625 213.1625
7.72404383203125 217.8
7.764038806640625 249.7375
7.804028146484375 250.4125
7.844029501953125 248.0875
7.879797951171875 223.175
7.9240297265625 213.25
7.964051611328125 212.9375
8.004047169921876 216.1
8.044042060546875 249.275
8.07980305078125 250.9625
8.12403748828125 248.45
8.164038083984375 225.7375
8.204168748046875 212.5625
8.244060677734375 212.9625
8.28436447265625 215.625
8.324039578125 247.4
8.364042306640625 251.4625
8.404049515625 248.275
8.444066615234375 228.0875
8.484069072265624 212.3875
8.53404880078125 212.725
8.564048849609375 214.525
8.60405158984375 244.7875
8.6440526640625 251.1625
8.684053306640624 248.6375
8.719851896484375 230.675
8.76407695703125 212.275
8.804059556640626 212.625
8.844058650390625 214.4875
8.88405775390625 243.375
8.924059447265625 250.7
8.9640804765625 249.4875
9.0040773984375 233.875
9.044065427734376 212.9625
9.084068365234375 211.725
9.11983508984375 214.1875
9.159836341796876 239.8125
9.20408376953125 250.8375
9.244086048828125 249.3875
9.28408830078125 237.6875
9.32407528515625 211.875
9.364076107421875 212.3625
9.404076873046876 213.3875
9.44409569921875 238.0
9.484095296875 250.1875
9.52409378125 250.3125
9.564082283203126 239.8125
9.604085484375 212.8125
9.644083751953126 212.1875
9.68408169140625 213.75
9.724099296875 235.9375
9.764096787109375 249.75
9.799857349609375 249.65
9.84409275 241.9875
9.88409266796875 212.65
9.92409340234375 213.4625
9.96410435546875 213.675
10.004111265625 232.25
10.044110251953125 249.85
10.084100810546875 249.7
10.124099935546875 245.1625
10.164103681640626 213.475
10.204114921875 212.5375
10.23989468359375 213.2
10.28412162109375 231.375
10.32410509765625 250.1125
10.364104947265625 249.8
10.4041043828125 246.7875
10.444124677734376 213.4
10.48412650390625 212.925
10.52412500390625 212.925
10.564111990234375 228.775
10.60411501171875 249.875
10.639882271484375 249.8375
10.694116216796875 248.0
10.72413282421875 214.25
10.75991564453125 212.875
10.805553373046875 213.2125
10.844672662109375 225.675
10.88520875390625 250.275
10.925309984375 250.0
10.97412741015625 248.275
11.01412735546875 215.6875
11.044138560546875 213.3
11.084135240234374 213.6125
11.134180970703126 224.5125
11.1641308359375 250.75
11.20414485546875 250.05
11.24414612890625 248.0
11.28415150390625 218.5
11.324136916015625 212.775
11.3641393828125 213.475
11.404138615234375 221.825
11.444160583984376 250.5125
11.48415623828125 250.3375
11.534145087890625 248.175
11.564142966796876 220.1375
11.604145771484376 213.2375
11.64414662890625 213.2125
11.68414784375 218.4375
11.724179171875 250.7
11.76416675 250.8
11.804150162109375 248.1
11.844149736328125 222.4
11.884156123046875 213.0125
11.924151033203126 213.0375
11.964172361328124 216.925
12.014155439453125 250.3125
12.044173517578125 250.8125
12.08416523046875 248.6125
12.12415940625 223.875
12.17416226171875 213.15
12.204178388671876 213.575
12.2441785 216.6875
12.284179044921874 248.7
12.324166048828125 251.1875
12.35993591796875 249.2125
12.40416778515625 226.7
12.444189859375 212.9375
12.484184181640625 212.9875
12.52419151171875 214.925
12.564171166015624 246.9375
12.604175783203125 251.525
12.644181328125 249.325
12.68418013671875 229.95
12.724199609375 212.3375
12.76420537109375 212.8375
12.814212513671874 214.9875
12.84418245703125 244.4625
12.894204392578125 250.95
12.92418921484375 249.2375
12.964202263671876 232.0125
12.999984494140625 212.525
13.04418640625 212.6125
13.0841874453125 214.4125
13.12419161328125 242.35
13.164194896484375 251.1
13.20422684765625 249.625
13.244208365234375 235.0625
13.284193625 212.775
13.324198279296875 212.2125
13.36419876171875 214.325
13.404199654296875 239.625
13.444220099609375 251.1375
13.484224513671874 249.7
13.5242243046875 238.775
13.56420387890625 212.45
13.6042055625 212.45
13.6542336484375 213.7625
13.68420947265625 237.7
13.724231865234374 250.5
13.76423185546875 250.3625
13.80421325 240.8875
13.839981333984374 212.7625
13.88421651953125 212.0
13.924220771484375 213.9125
13.964234193359376 234.6125
14.004236892578126 250.35
14.04422351171875 249.6625
14.084219724609374 243.1625
14.119990046875 213.25
14.1642240546875 212.525
14.204238984375 214.85
14.2442382890625 232.4375
14.29422498046875 250.0625
14.3242291484375 249.725
14.36423490234375 245.725
14.404234232421874 213.0375
14.4442493984375 213.325
14.480027421875 213.375
14.5242473828125 229.3
14.56423542578125 249.9875
14.60423447265625 249.9375
14.644235560546875 246.925
14.6842415390625 213.925
14.7242595703125 212.975
14.764251021484375 213.35
14.804241880859376 227.625
14.844240591796876 249.4875
14.8842428671875 250.0125
14.924244404296875 248.675
14.96427014453125 215.025
15.004264375 213.0125
15.04425846484375 213.4125
15.084251001953126 225.0625
15.124253111328125 250.375
15.164254025390624 249.775
15.2042698359375 247.975
15.2442734609375 217.1375
15.2842616796875 213.375
15.324262609375 213.6
15.36425838671875 222.225
15.404262796875 250.3875
15.444276697265625 250.375
15.48428606640625 248.4625
15.52428205078125 219.2875
15.564268146484375 213.2625
15.604268927734376 213.2875
15.644270716796875 220.7
15.6842708671875 250.7625
15.724287796875 250.625
15.774271013671875 248.25
15.80427322265625 220.75
15.84427602734375 213.1125
15.88427878515625 213.2125
15.924280251953125 219.2125
15.960073376953124 250.3
16.00429345703125 250.8625
16.04428020703125 248.5
16.084286150390625 223.5
16.12428541015625 212.675
16.16428444921875 212.8625
16.20429951171875 216.6875
16.2443085625 249.375
16.284325466796876 251.4
16.324290009765626 248.7625
16.3642913671875 225.5875
16.400072521484375 213.05
16.444317767578124 212.9875
16.484311341796875 215.8875
16.524316783203126 247.6125
16.564295271484376 251.25
16.60430169921875 248.7375
16.644297474609374 228.8125
16.684301017578125 213.0375
16.7243209609375 212.525
16.764319341796874 214.85
16.804304892578124 246.0125
16.854325453125 251.5625
16.8843087421875 249.1125
16.924309296875 231.375
16.96432375 212.025
17.0043322109375 212.975
17.040079689453126 214.1
17.0843137578125 243.3875
17.12431450390625 251.3375
17.164317900390625 250.075
17.20432927734375 234.15
17.2443369921875 212.475
17.28433933984375 211.975
17.324323171875 214.4
17.364320271484374 241.2
17.404321880859374 250.9375
17.44434830078125 250.3125
17.494328078125 237.1125
17.52434009375 213.8625
17.564325318359376 212.375
17.604331859375 214.1125
17.64432837890625 238.225
17.68012708203125 251.5
17.724352640625 249.7875
17.764354537109377 238.875
17.80433664453125 212.5
17.844338818359375 212.6375
17.894347439453124 214.5375
17.92434149609375 235.4125
17.9643614765625 250.425
18.004356333984376 249.3
18.044346251953126 242.025
18.08434608984375 212.6125
18.1343720703125 213.0375
18.164347607421874 213.425
18.204364529296875 234.225
18.244364923828126 250.0125
18.28436887109375 250.1
18.324358078125 244.6625
18.364352345703125 213.075
18.404353798828126 213.0875
18.444375890625 214.2
18.48437119921875 232.225
18.524376025390627 250.225
18.5643609609375 249.8875
18.604360337890625 247.1625
18.644360111328126 213.7
18.6843620390625 212.4625
18.72438269140625 213.025
18.7743680234375 229.1375
18.804368296875 249.9875
18.844370322265625 249.4
18.884370787109376 248.0125
18.924369943359373 214.1375
19.004390455078124 213.08125
19.04438882421875 226.4625
19.08437421875 249.9625
19.164376294921876 249.05
19.204401296875 216.475
19.244397955078124 213.3625
19.28438890625 213.475
19.324383466796874 224.2125
19.364380552734374 250.575
19.444408505859375 249.0375
19.48450077734375 218.4625
19.524400193359376 213.3625
19.56439346875 213.55
19.604389994140625 221.525
19.6443925546875 250.8125
19.684397025390624 250.475
19.724417873046875 247.375
19.764411306640625 219.1875
19.804399671875 213.1
19.84440154296875 213.4625
19.884401763671875 218.4125
19.92439888671875 250.4875
19.964413158203126 250.65
