#time(s) power(W)
0.043286416015625 140.0
0.08328514453125 141.0
0.11905378515625 140.0
0.1632897578125 144.0
0.199055810546875 154.0
0.2432907421875 162.0
0.2832914921875 162.0
0.3232956953125 163.0
0.36329153515625 164.0
0.39906194921875 166.0
0.443296224609375 169.0
0.483297890625 164.0
0.5233011484375 171.0
0.573297875 185.0
0.61330343359375 214.0
0.6533044453125 252.0
0.693301291015625 309.0
0.723325583984375 320.0
0.763374146484375 322.0
0.80332438671875 322.0
0.85331171875 321.0
0.88332302734375 320.0
0.923326353515625 321.0
0.963347791015625 321.0
1.01331847265625 321.0
1.05331638671875 321.0
1.083321328125 264.0
1.123314634765625 264.0
1.1633204375 264.0
1.20332251171875 263.0
1.25333416796875 263.0
1.27908987109375 263.0
1.319091009765625 263.0
1.363321873046875 262.0
1.403326271484375 261.0
1.443328193359375 261.0
1.479095669921875 261.0
1.519126556640625 262.0
1.5633470546875 259.0
1.60334874609375 251.0
1.643365515625 232.0
1.683351642578125 183.0
1.719130560546875 183.0
1.763354759765625 140.0
1.8133436953125 139.0
1.839134890625 139.0
1.89336551171875 140.0
1.923352427734375 140.0
1.973339841796875 140.0
2.003343025390625 141.0
2.04334498046875 148.0
2.083346564453125 155.0
2.123348875 162.0
2.16335007421875 162.0
2.203349140625 162.0
2.243352873046875 163.0
2.28334993359375 165.0
2.323352810546875 164.0
2.363356693359375 161.0
2.40335932421875 166.0
2.44335611328125 179.0
2.49335571875 204.0
2.523359689453125 264.0
2.57336030859375 301.0
2.60337874609375 317.0
2.643380796875 322.0
2.68340852734375 321.0
2.723377869140625 321.0
2.7733671328125 321.0
2.803384974609375 322.0
2.843386998046875 321.0
2.883420423828125 321.0
2.933373755859375 321.0
2.973373541015625 263.0
3.0033772734375 263.0
3.043385763671875 264.0
3.08338183203125 264.0
3.11914679296875 265.0
3.1733983203125 264.0
3.203380169921875 264.0
3.24338484375 263.0
3.28338683984375 262.0
3.323390859375 261.0
3.37338506640625 262.0
3.403387509765625 262.0
3.443386923828125 263.0
3.483387650390625 263.0
3.523393025390625 248.0
3.56341088671875 228.0
3.603413279296875 198.0
3.64342478515625 151.0
3.683411326171875 141.0
3.719193107421875 140.0
3.7591957421875 140.0
3.803426943359375 141.0
3.843436591796875 140.0
3.8834243203125 139.0
3.933404810546875 144.0
3.9634294375 144.0
4.0134067265625 162.0
4.043408833984375 162.0
4.093415537109375 162.0
4.119176931640625 162.0
4.163411482421875 164.0
4.2034129609375 164.0
4.243411828125 165.0
4.283415638671875 163.0
4.32341560546875 165.0
4.359184236328125 175.0
4.3991852734375 220.0
4.443415697265625 257.0
4.48342437109375 311.0
4.52342140625 320.0
4.573423951171875 321.0
4.6035466171875 321.0
4.643441619140625 321.0
4.683442037109375 321.0
4.72343946875 321.0
4.763447125 322.0
4.803443123046875 322.0
4.843461431640625 321.0
4.88345016796875 265.0
4.919201828125 263.0
4.963433482421875 264.0
5.013440927734375 263.0
5.053438693359375 263.0
5.09346642578125 263.0
5.12343948046875 263.0
5.16344236328125 263.0
5.203442578125 262.0
5.239212125 261.0
5.27921299609375 263.0
5.32344608203125 264.0
5.363449705078125 262.0
5.40344625390625 257.0
5.4434541953125 228.0
5.483450490234375 199.0
5.52345280078125 170.0
5.563476509765625 140.0
5.603470998046875 140.0
5.6534564296875 139.0
5.693459962890625 141.0
5.733457794921875 142.0
5.763572283203125 142.0
5.803478595703125 141.0
5.843478923828125 145.0
5.883490619140625 153.0
5.923492146484375 162.0
5.963478701171875 162.0
6.013471755859375 163.0
6.043470833984375 163.0
6.08347030859375 165.0
6.12347095703125 163.0
6.16347014453125 163.0
6.203477103515625 166.0
6.24347266796875 179.0
6.279243533203125 201.0
6.33350481640625 299.0
6.363480142578125 299.0
6.403483119140625 319.0
6.443481224609375 321.0
6.47924965234375 322.0
6.519279794921875 321.0
6.563504365234375 321.0
6.60351740625 321.0
6.64349559765625 321.0
6.679282904296875 321.0
6.72352299609375 275.0
6.76350972265625 264.0
6.803517599609375 264.0
6.84351598046875 263.0
6.8792620546875 263.0
6.92350248828125 263.0
6.96349773828125 263.0
7.003497654296875 263.0
7.0435149296875 262.0
7.0935318828125 261.0
7.123499560546875 261.0
7.159271044921875 263.0
7.203505263671875 263.0
7.243505068359375 262.0
7.2835077421875 255.0
7.32350713671875 240.0
7.363511193359375 194.0
7.403514283203125 167.0
7.45351148828125 140.0
7.4835157421875 140.0
7.523513880859375 141.0
7.563538400390625 140.0
7.603540453125 140.0
7.63931468359375 139.0
7.683533994140625 140.0
7.723551328125 145.0
7.763554498046875 154.0
7.8135215 161.0
7.853526193359375 162.0
7.893524046875 164.0
7.93352718359375 164.0
7.963542654296875 164.0
8.00352820703125 165.0
8.04353026171875 164.0
8.083529759765625 166.0
8.119300150390625 176.0
8.163532408203125 201.0
8.203534033203125 262.0
8.243536830078124 298.0
8.283743705078125 317.0
8.323537255859375 322.0
8.36353836328125 321.0
8.403538796875 322.0
8.439310078125 321.0
8.48354708984375 321.0
8.523544529296874 320.0
8.563563646484376 321.0
8.603565921875 321.0
8.6435920625 275.0
8.683570107421875 264.0
8.733552767578125 263.0
8.763569623046875 263.0
8.80356921484375 264.0
8.843585443359375 263.0
8.893557615234375 263.0
8.919325271484375 262.0
8.9635623046875 262.0
9.00356121875 261.0
9.043563373046876 262.0
9.083563896484375 262.0
9.119331568359375 263.0
9.163565107421874 252.0
9.2035661953125 232.0
9.24356837890625 205.0
9.28356847265625 152.0
9.31933784375 142.0
9.3635703359375 139.0
9.403571640625 139.0
9.4435733828125 140.0
9.483576783203125 140.0
9.519371353515625 140.0
9.563594609375 140.0
9.613577822265626 144.0
9.64359527734375 149.0
9.69357997265625 162.0
9.723607576171876 162.0
9.7636080546875 161.0
9.803604517578124 163.0
9.84359494921875 164.0
9.883614916015626 164.0
9.923601115234375 163.0
9.97358839453125 166.0
10.00358850390625 180.0
10.043591326171875 204.0
10.08359441015625 266.0
10.123590935546876 301.0
10.159363380859375 318.0
10.20359955078125 321.0
10.243610681640625 321.0
10.283600271484374 321.0
10.323655390625 321.0
10.363608763671875 322.0
10.403601701171874 321.0
10.443604296875 321.0
10.483604267578125 322.0
10.523606890625 275.0
10.56362891796875 264.0
10.613615443359375 264.0
10.653608146484375 264.0
10.683625890625 263.0
10.7336154453125 263.0
10.763619599609376 263.0
10.799411130859376 262.0
10.843654474609375 263.0
10.88363612109375 262.0
10.91938706640625 262.0
10.9636218984375 263.0
11.003622783203125 263.0
11.0436349296875 253.0
11.083625587890625 238.0
11.119393236328126 192.0
11.163624498046875 160.0
11.203629708984375 143.0
11.243629623046875 140.0
11.283630927734375 140.0
11.319399517578125 140.0
11.363633244140624 140.0
11.403633255859376 140.0
11.443641833984374 139.0
11.4836359921875 145.0
11.533637572265626 149.0
11.563693134765625 162.0
11.613640888671876 162.0
11.64366721484375 161.0
11.683665615234375 163.0
11.7236597109375 164.0
11.773646466796874 164.0
11.803659697265624 163.0
11.853648265625 164.0
11.883666166015624 178.0
11.93364957421875 204.0
11.963664517578126 238.0
12.003651783203125 305.0
12.04365315234375 320.0
12.079422166015625 321.0
12.123658947265625 321.0
12.163656080078125 322.0
12.199426072265625 321.0
12.24366105078125 321.0
12.293685681640625 321.0
12.323663017578125 321.0
12.363662904296875 322.0
12.403664560546876 307.0
12.443665244140625 263.0
12.48366707421875 263.0
12.5194658828125 264.0
12.573669482421876 263.0
12.60370959765625 264.0
12.653671892578124 264.0
12.68368875 263.0
12.72370570703125 262.0
12.763711435546876 261.0
12.8036932421875 262.0
12.853678919921874 263.0
12.893680162109375 262.0
12.93368050390625 255.0
12.97368400390625 239.0
13.00368493359375 214.0
13.03945271484375 162.0
13.083686943359375 143.0
13.123690826171876 139.0
13.163695 140.0
13.203692056640625 140.0
13.23945872265625 140.0
13.2836916796875 140.0
13.323691513671875 140.0
13.363696498046876 144.0
13.403694384765625 149.0
13.439464349609375 161.0
13.483700259765625 162.0
13.5236967734375 162.0
13.56371963671875 163.0
13.59949810546875 164.0
13.643751140625 165.0
13.683712978515626 162.0
13.719499796875 163.0
13.76372462109375 178.0
13.80377471484375 204.0
13.8437222890625 239.0
13.8937133984375 302.0
13.923721880859375 308.0
13.963725298828125 322.0
14.0037133046875 321.0
14.0437115859375 321.0
14.0794841875 321.0
14.119485248046875 322.0
14.1737353359375 320.0
14.203717056640626 321.0
14.239488958984374 321.0
14.283726232421875 321.0
14.3237251875 264.0
14.37373825 264.0
14.40372882421875 263.0
14.443735203125 263.0
14.483731775390625 263.0
14.533729900390625 263.0
14.5637498203125 263.0
14.6037471640625 262.0
14.6437647109375 261.0
14.69373441796875 262.0
14.7337364921875 263.0
14.763754466796875 263.0
14.803751673828126 255.0
14.84377715234375 238.0
14.879540083984375 212.0
14.9337415 160.0
14.963743107421875 142.0
15.013746701171875 140.0
15.043757505859375 140.0
15.083751373046875 140.0
15.12374909765625 140.0
15.163754908203124 140.0
15.19951905859375 141.0
15.243754447265625 145.0
15.2837581640625 149.0
15.32375345703125 161.0
15.363757623046874 161.0
15.403754064453125 161.0
15.4437573515625 162.0
15.48375645703125 165.0
15.523761275390624 164.0
15.56378055078125 164.0
15.603778884765624 164.0
15.643788611328125 172.0
15.6837828359375 192.0
15.7195598359375 252.0
15.76378203125 288.0
15.8137681484375 315.0
15.843785416015624 321.0
15.89377507421875 321.0
15.92379808984375 322.0
15.9737747109375 321.0
16.00377783203125 321.0
16.04377474609375 322.0
16.083781703125 320.0
16.123777935546876 320.0
16.163781396484374 321.0
16.203784849609374 264.0
16.253802208984375 264.0
16.283788724609376 263.0
16.323785455078124 262.0
16.359555208984375 262.0
16.403790681640626 263.0
16.439557267578124 261.0
16.483790875 217.0
16.533789880859374 261.0
16.563812453125 262.0
16.613795240234374 263.0
16.643811919921873 263.0
16.6838180703125 260.0
16.72383442578125 237.0
16.76384374609375 211.0
16.81379739453125 179.0
16.843825205078126 142.0
16.883814763671875 140.0
16.923837412109375 140.0
16.963806634765625 140.0
16.999574427734377 140.0
17.0438081484375 141.0
17.083809 140.0
17.12381147265625 144.0
17.16380962109375 149.0
17.19958035546875 162.0
17.24381542578125 162.0
17.2838180546875 161.0
17.3238183046875 164.0
17.36381815625 165.0
17.4038202421875 166.0
17.44382049609375 165.0
17.479588923828125 164.0
17.5238246875 172.0
17.56383930859375 211.0
17.603849990234377 246.0
17.639620419921876 284.0
17.693827185546876 312.0
17.723837162109376 321.0
17.773830345703125 321.0
17.8038616640625 322.0
17.84387846875 322.0
17.893832298828126 321.0
17.933838462890623 321.0
17.963854552734375 322.0
18.01383497265625 321.0
18.0438422265625 321.0
18.093853513671874 264.0
18.12384406640625 263.0
18.173859083984375 264.0
18.203842169921874 263.0
18.243843591796875 264.0
18.28385250390625 263.0
18.323854115234376 263.0
18.3596166484375 263.0
18.40385135546875 262.0
18.453849791015625 262.0
18.483855140625 262.0
18.5238567421875 262.0
18.563877421875 258.0
18.603871771484375 245.0
18.639652451171877 202.0
18.68387695703125 171.0
18.723874994140626 150.0
18.7638769765625 139.0
18.8038786171875 139.0
18.84391866015625 139.0
18.8838813203125 140.0
18.91963363671875 140.0
18.96386554296875 140.0
19.003866046875 145.0
19.0438784921875 150.0
19.08395674609375 162.0
19.1196396484375 161.0
19.163873068359376 162.0
19.21389135546875 163.0
19.2438753515625 164.0
19.293889373046873 165.0
19.32387516015625 162.0
19.363880900390626 162.0
19.403880744140626 167.0
19.443883373046877 196.0
19.483888751953124 230.0
19.523883578125 269.0
19.559680392578127 318.0
19.603899484375 322.0
19.643909638671875 321.0
19.683923013671876 321.0
19.723911125 321.0
19.763930203125 321.0
19.80391310546875 322.0
19.843913353515624 322.0
19.883934125 321.0
19.923901228515625 320.0
19.963900115234374 264.0
20.0002506015625 263.0
