#time(s) power(W)
0.0438724609375 247.3625
0.08387903125 252.175
0.11965628125 249.5625
0.1638798671875 247.425
0.203860876953125 215.1625
0.243862111328125 215.1375
0.2838654296875 215.3
0.323866685546875 214.9625
0.3638646328125 247.1625
0.404062431640625 249.8
0.44388474609375 250.1
0.48388819921875 219.5875
0.523871103515625 215.0875
0.5738915078125 214.65
0.603876810546875 214.675
0.643874099609375 240.8125
0.683874224609375 249.3625
0.723895794921875 249.0125
0.763909107421875 227.3125
0.803901205078125 214.1625
0.84388531640625 215.275
0.883881154296875 215.075
0.9238882421875 235.4
0.963883931640625 249.5125
1.003883046875 249.3375
1.043886142578125 234.725
1.083908314453125 213.9875
1.123908123046875 215.3125
1.163911634765625 215.0375
1.1996597890625 228.0125
1.243894505859375 250.4125
1.283896888671875 249.25
1.323900107421875 241.525
1.363895921875 213.6875
1.4039307890625 214.3125
1.4439221875 214.575
1.48391616015625 220.2
1.523902091796875 251.6875
1.563902591796875 249.5
1.60390672265625 247.0625
1.643903708984375 214.2375
1.683910771484375 215.2125
1.72392517578125 215.075
1.7639262265625 214.2375
1.8039275 249.0125
1.839706904296875 249.875
1.88391198828125 249.975
1.92391484765625 218.9125
1.963914501953125 215.0375
2.00391942578125 215.175
2.04393728515625 215.2125
2.08393790625 241.625
2.12393818359375 249.65
2.173921083984375 249.6375
2.20392481640625 225.275
2.243924388671875 214.9375
2.279694001953125 214.8125
2.323924392578125 215.1375
2.363925583984375 235.65
2.403942025390625 249.05
2.443945666015625 248.45
2.48395017578125 232.8875
2.523931126953125 214.025
2.56393396484375 214.4875
2.603933818359375 214.7
2.643933580078125 229.6875
2.68393742578125 250.675
2.73393705859375 248.975
2.76395623046875 239.4125
2.803957861328125 213.8375
2.843942564453125 215.2125
2.893942658203125 215.275
2.91971344140625 221.45
2.963944978515625 251.0
3.003947546875 249.6625
3.043957169921875 245.85
3.08397455859375 213.9
3.12397908203125 214.925
3.16396834375 214.575
3.203954357421875 215.175
3.243956091796875 250.35
3.283955623046875 249.7625
3.323955181640625 248.9375
3.36396162890625 217.0625
3.40397673828125 215.175
3.4439771796875 214.8125
3.4839848984375 215.275
3.523965759765625 242.775
3.5739953203125 249.8
3.6039673671875 249.5125
3.643967748046875 224.4125
3.683969373046875 214.8625
3.7239918203125 215.175
3.75976284765625 214.975
3.803989125 237.8375
3.84397416015625 248.95
3.88397713671875 248.8625
3.9239752265625 231.2375
3.9639809765625 214.25
4.003975677734375 215.6875
4.0439913515625 214.8125
4.083994828125 230.675
4.119774974609375 250.3
4.163999984375 249.3875
4.20398320703125 237.725
4.243988365234375 213.45
4.283987955078125 215.0
4.323987701171875 214.875
4.363992232421875 223.6625
4.413996185546875 250.9
4.444011013671875 249.325
4.48400938671875 244.775
4.5239944765625 214.025
4.563996427734375 214.6875
4.5997655078125 214.325
4.6439984296875 216.5375
4.6840018359375 251.0375
4.7240147265625 249.2375
4.7640236328125 248.725
4.80403236328125 216.125
4.844005013671875 215.0125
4.8840105703125 215.225
4.924008291015625 214.6875
4.9640071171875 245.2375
5.004008912109375 249.2625
5.0540130546875 250.1
5.084033591796875 223.3875
5.134013474609375 214.9625
5.164029541015625 215.125
5.204012203125 214.7375
5.239784900390625 238.775
5.28402152734375 249.7125
5.324019083984375 248.875
5.364020052734375 229.2375
5.40421476953125 214.2625
5.444053146484375 214.5625
5.484040849609375 214.4
5.524026587890625 232.65
5.56402515625 250.4625
5.60402669140625 248.7
5.64403090625 236.2375
5.684028466796875 213.7625
5.72404672265625 214.7375
5.7640483125 214.3625
5.804050064453125 225.6125
5.8440393359375 251.1125
5.89405148046875 249.475
5.924036953125 242.1
5.964042251953125 213.7
6.004040365234375 214.9125
6.044042171875 214.7875
6.084080048828125 217.7625
6.12406310546875 251.6125
6.1640642734375 249.95
6.204047466796875 247.875
6.24405065234375 215.425
6.284053984375 214.85
6.334073166015625 214.6
6.364057337890625 215.375
6.4040663359375 246.8375
6.44406574609375 249.85
6.484072259765625 250.1875
6.564056376953125 217.33125
6.604058322265625 214.9375
6.644058861328125 215.0125
6.684061689453125 239.3625
6.7240955703125 248.75
6.764080095703125 249.0375
6.804080806640625 228.45
6.84406550390625 214.5125
6.88406716796875 214.65
6.924069365234375 214.4625
6.964069517578125 234.0875
7.004069279296875 249.6625
7.04408068359375 248.9375
7.08408926171875 234.4875
7.134075927734375 213.475
7.17407883984375 215.1125
7.204079626953125 216.15
7.24408084375 226.9375
7.2840795546875 250.3875
7.324082240234375 249.4875
7.364085005859375 241.65
7.404099765625 213.225
7.444103505859375 214.2125
7.484109830078125 214.9375
7.524088703125 219.8
7.56408874609375 250.9875
7.60409088671875 249.225
7.6440899140625 246.8
7.68409766796875 214.775
7.72411175390625 215.0375
7.764108908203125 214.6125
7.814096798828125 214.25
7.844096376953125 248.225
7.8941152109375 249.2375
7.92409953125 250.0375
7.964101080078125 219.4
8.004103041015625 215.05
8.044101263671875 214.8625
8.084118970703125 214.675
8.1241226015625 241.475
8.164121400390625 248.8625
8.24410945703125 248.775
8.284114478515624 227.0375
8.32411720703125 215.375
8.364112681640625 215.1875
8.4041299296875 215.1375
8.4399091328125 235.0375
8.48413039453125 249.275
8.524116951171875 249.0375
8.564119791015624 232.975
8.604125296875 214.1875
8.644128169921874 215.275
8.684121927734376 215.05
8.72413802734375 228.0375
8.764142005859375 250.475
8.804143251953125 248.975
8.844131314453126 240.025
8.8841282734375 213.675
8.9241331015625 214.5375
8.96412995703125 214.825
9.0041359296875 221.1625
9.044147822265625 251.4875
9.07993189453125 249.7125
9.119930404296875 245.3
9.16429061328125 213.3
9.2041534609375 214.3375
9.244141552734375 215.3
9.284143421875 214.6875
9.324139138671875 249.5625
9.364143365234375 249.7875
9.40415999609375 249.55
9.4441622578125 217.15
9.484163021484376 214.575
9.519941689453125 214.9
9.56414719921875 214.975
9.60415390625 242.425
9.644155513671874 249.025
9.684154515625 249.3875
9.724184140625 224.9
9.76417271484375 214.7
9.80416798828125 214.6375
9.844158478515626 215.3
9.88415920703125 236.4125
9.924158671875 249.325
9.964161779296875 249.35
10.004164375 231.625
10.04416342578125 214.1125
10.084182740234375 214.55
10.124186162109375 214.5625
10.159961197265625 230.4625
10.204170283203124 250.95
10.244176154296875 248.7125
10.284175001953125 238.425
10.324174435546874 213.275
10.364176337890624 214.8125
10.40418781640625 214.875
10.444194814453125 223.55
10.48419434765625 251.25
10.52417846875 249.2625
10.564183623046874 244.275
10.5999504375 213.2375
10.6441844453125 214.75
10.684181978515625 214.825
10.72420122265625 216.0875
10.764197986328124 250.7875
10.8042225390625 249.8
10.844190107421875 249.1125
10.884194884765625 216.3625
10.924194529296875 214.9375
10.96419083984375 214.7125
11.004194255859375 214.5875
11.04420991796875 245.6
11.08421064453125 249.725
11.124206427734375 249.65
11.16421690234375 223.7375
11.20420277734375 215.225
11.239970447265625 214.7625
11.28420398828125 214.5875
11.324205232421875 238.3875
11.36420690234375 249.2375
11.40421906640625 249.45
11.444235548828125 230.3875
11.4842265234375 214.8375
11.5242091484375 215.175
11.564212853515626 214.6875
11.604209775390625 230.7
11.644215568359375 251.275
11.684216697265626 248.875
11.72423486328125 236.8
11.760013359375 213.5
11.80001541796875 215.1875
11.844222453125 214.7625
11.879989615234376 224.4875
11.92422682421875 250.9375
11.964222025390624 249.3625
12.004223205078125 242.65
12.0442241796875 213.7
12.0842585546875 214.675
12.124248259765626 214.4375
12.1642474375 217.2
12.20423178125 250.8
12.244231994140625 249.7625
12.2842338984375 248.125
12.324234046875 215.7875
12.364235251953126 214.8625
12.40425694140625 214.8375
12.444257751953124 214.2625
12.4842541640625 246.4375
12.520039123046875 249.3625
12.564247548828124 250.1375
12.60424381640625 220.85
12.64424350390625 214.5875
12.684246326171875 214.5125
12.7242735 214.9
12.764265767578125 239.65
12.80426962109375 249.2875
12.844252328125 248.825
12.894252029296876 221.825
12.964254767578124 215.275
13.004254615234375 214.9875
13.04426560546875 233.3625
13.084270345703125 249.6625
13.134261650390625 241.7125
13.174258349609374 214.6125
13.2442651640625 215.05
13.284268275390625 214.85
13.324266193359374 226.6625
13.36427176953125 250.95
13.40428560546875 249.575
13.44428817578125 241.6
13.4842858671875 213.125
13.524274654296875 215.075
13.564272333984375 215.1
13.60427578515625 219.325
13.644274537109375 251.475
13.684278146484376 250.0125
13.724300443359375 247.2875
13.76430003515625 214.7
13.80007978515625 214.9125
13.844284029296874 214.7625
13.88428344921875 214.775
13.924287841796875 248.0125
13.964287294921874 249.1875
14.004289177734375 249.7375
14.044288330078125 219.55
14.08430749609375 215.0625
14.120089416015626 214.9125
14.164306814453125 214.8125
14.20429749609375 241.625
14.254309041015626 249.4625
14.284295962890624 248.9375
14.32429876171875 227.6625
14.36430076953125 214.5
14.40431912890625 215.25
14.444335263671874 215.175
14.484318708984375 235.4625
14.524301830078125 249.3875
14.5643040859375 249.4
14.6043053046875 234.5125
14.644306541015625 213.9
14.6843069375 214.8625
14.7243251640625 214.3875
14.764340861328124 227.8625
14.804329294921875 250.6
14.84432392578125 249.025
14.894330048828126 240.45
14.924320109375 213.425
14.964316388671875 214.65
15.00431988671875 214.675
15.04433240234375 220.0875
15.08011698046875 251.5125
15.124339228515625 249.075
15.164336150390625 244.85
15.20432288671875 214.075
15.244328244140625 215.0875
15.284330044921875 215.025
15.324329203125 214.325
15.364362458984376 248.7875
15.40435125 249.6625
15.444345359375 249.675
15.4843508828125 217.6875
15.524336494140625 214.825
15.564339568359374 214.6375
15.604335142578124 214.5375
15.64433662109375 242.6625
15.684337142578125 249.5375
15.720108376953124 249.125
15.764357759765625 226.5625
15.804364056640624 214.7625
15.844342923828124 214.65
15.884348044921875 214.625
15.924348443359374 236.85
15.964350529296874 249.075
16.004347458984373 248.6625
16.044353748046873 232.0875
16.0843679375 213.9
16.12437708203125 214.6125
16.17435503125 214.475
16.204355265625 229.3625
16.24435587890625 249.95
16.284358978515623 249.125
16.324359232421877 238.9875
16.364362962890624 213.1125
16.404398390625 214.25
16.444384833984376 214.5375
16.4843768671875 222.5125
16.524363548828124 250.825
16.5643686640625 249.85
16.6043676484375 244.8
16.644370865234375 213.4
16.68436981640625 214.8375
16.7243853359375 214.9
16.76438906640625 215.8875
16.814373568359375 250.0625
16.844374572265625 249.1375
16.8843785859375 249.0125
16.924380357421875 217.0875
16.96438014453125 215.275
17.000147744140627 214.7125
17.044396591796875 214.85
17.084396314453127 244.0
17.124398982421877 248.8625
17.16440096875 249.3625
17.204386529296876 223.3125
17.244388685546873 214.9125
17.284390794921876 214.85
17.32438927734375 214.55
17.364390302734375 237.7625
17.404390494140625 249.5375
17.444433255859376 248.625
17.4844135 230.9
17.524400841796876 213.8125
17.56439909765625 214.8
17.604402048828124 215.175
17.64017793359375 231.725
17.684401744140626 249.675
17.724422716796877 248.6
17.7644181875 237.8875
17.804416955078125 213.7375
17.844406818359374 214.5125
17.89442255078125 214.425
17.9244085625 224.125
17.964415287109375 250.5875
18.004408982421875 249.15
18.04440984375 244.125
18.094413529296876 213.45
18.12443048828125 214.7375
18.1644362421875 214.85
18.20441666015625 216.125
18.24442106640625 250.875
18.2845676484375 249.8625
18.324421923828126 247.875
18.364421556640625 215.625
18.404441791015625 215.05
18.444444134765625 214.4375
18.4844636953125 214.8625
18.5344294921875 245.1
18.564424974609373 249.35
18.604428267578125 249.725
18.64443085546875 221.8
18.684432529296874 215.0
18.724466982421873 215.05
18.764449734375 214.9625
18.804449748046874 238.425
18.844436599609374 249.2375
18.88444257421875 248.45
18.924438630859374 229.9375
18.9644401875 213.7125
19.004445076171876 214.975
19.044456947265626 215.1375
19.084460892578125 233.225
19.12024119140625 249.525
19.16024323828125 248.65
19.2044473984375 235.3
19.244452201171875 213.1625
19.28445322265625 214.6625
19.324447912109374 215.125
19.36445926171875 225.65
19.4044706484375 250.225
19.44447189453125 249.0625
19.484473916015624 242.45
19.5244619375 213.3875
19.564461748046874 214.3875
19.604462576171876 214.125
19.6444621875 218.1875
19.68446177734375 251.5125
19.724481271484375 249.275
19.76448322265625 247.4625
19.814464693359376 214.9625
19.84446908203125 214.975
19.88447021875 215.0875
19.924472923828127 214.875
19.9644745859375 246.825
20.0009808984375 249.5
