#time(s) power(W)
0.0432688125 250.6625
0.083290837890625 240.825
0.123286046875 214.3625
0.163274236328125 215.3
0.203272640625 217.0125
0.243275451171875 251.125
0.28327740234375 248.4125
0.323293654296875 226.3625
0.363295375 215.475
0.4032870703125 215.35
0.453287724609375 233.1875
0.483293517578125 249.0875
0.5232826796875 246.85
0.563315892578125 213.85
0.6033033125 215.6875
0.63907882421875 215.5625
0.683286529296875 247.4625
0.7232877890625 248.55
0.763290576171875 231.2125
0.803293369140625 215.2375
0.843309431640625 215.375
0.88331394140625 227.0625
0.923296828125 248.8875
0.963294822265625 249.8375
1.003298294921875 217.55
1.043298974609375 214.975
1.093305302734375 215.225
1.1233141328125 241.15
1.163304724609375 250.525
1.203305427734375 237.2875
1.243308140625 214.0125
1.279074912109375 215.45
1.3233184921875 220.4
1.363325568359375 250.875
1.4033360703125 248.2
1.443315982421875 222.7
1.483314287109375 214.9125
1.52331490625 215.6
1.563325775390625 235.3125
1.603356361328125 249.6875
1.64332412109375 243.225
1.68332037890625 213.7625
1.7233183046875 216.0125
1.76332180859375 215.0
1.8033237578125 250.6375
1.8433415625 248.15
1.883353533203125 228.975
1.919115470703125 215.4375
1.963328521484375 215.3
2.003333349609375 229.425
2.043329357421875 248.825
2.083347951171875 248.3375
2.123385802734375 215.0375
2.163578509765625 215.5875
2.203332970703125 214.7625
2.24333778125 246.175
2.283337955078125 249.275
2.323356158203125 234.325
2.3733423515625 214.7625
2.40335475390625 214.9125
2.443339041015625 223.85
2.48334584375 249.625
2.523345025390625 249.2
2.5633628828125 219.1375
2.6033628203125 215.1125
2.64338468359375 214.8875
2.68334791796875 238.8
2.723352646484375 250.05
2.76335282421875 239.9
2.80335265625 214.3375
2.843368318359375 215.25
2.89352335546875 218.0
2.923359763671875 251.6875
2.96335803515625 247.7875
3.01337837109375 226.2625
3.04336910546875 214.9875
3.08337903515625 214.8125
3.123374380859375 232.925
3.1633683359375 249.3125
3.203367625 247.325
3.243367935546875 213.5875
3.28336957421875 215.2875
3.32338657421875 215.5375
3.363384546875 247.4
3.403388697265625 248.9875
3.443373828125 231.0
3.48337609765625 215.2125
3.523375669921875 215.025
3.563394875 227.225
3.603393755859375 248.95
3.639174490234375 249.4
3.68338142578125 216.3625
3.72338403125 214.8625
3.763383951171875 215.2375
3.803384544921875 241.425
3.8435181015625 250.3
3.883409625 237.0
3.92338719140625 215.575
3.96338809375 215.4375
4.0033918828125 220.4125
4.04339162109375 250.825
4.093392056640625 248.7875
4.119193244140625 222.9375
4.163398421875 215.4875
4.203399849609375 215.4125
4.243399630859375 235.4125
4.279167369140625 249.8875
4.323417328125 243.3
4.363423228515625 213.9625
4.4034235390625 215.2375
4.44340403125 214.775
4.483405203125 250.975
4.523408666015625 248.125
4.563496458984375 228.3375
4.60340934375 215.05
4.643421716796875 215.0625
4.68341538671875 229.9125
4.719180794921875 248.6
4.763415638671875 248.425
4.803415560546875 215.3375
4.843435078125 214.9875
4.88343729296875 215.3375
4.923420029296875 243.85
4.963421349609375 249.625
5.003422666015625 233.45
5.04342562109375 214.9
5.0834461484375 215.175
5.133426841796875 224.675
5.173432876953125 249.575
5.203430259765625 250.5375
5.243431361328125 218.95
5.283432220703125 216.2
5.3234519453125 215.725
5.363461529296875 238.65
5.40345221484375 250.4625
5.44343530859375 239.55
5.48343373828125 215.1125
5.52344065625 215.7375
5.56345396875 217.7375
5.613440947265625 251.55
5.643464763671875 248.0125
5.6834420390625 225.775
5.723448642578125 215.0625
5.763447498046875 215.25
5.799213912109375 232.55
5.843463619140625 249.475
5.883471185546875 246.0
5.923449740234375 213.5125
5.963451798828125 215.3375
6.00345360546875 215.0375
6.043454376953125 247.3125
6.08347071875 248.35
6.1235836640625 230.925
6.1634573515625 214.875
6.20346016015625 215.2375
6.253473705078125 227.375
6.28346187109375 248.8125
6.32348375 249.9
6.363482322265625 215.6125
6.4034811953125 215.15
6.4434673984375 215.175
6.483468044921875 242.25
6.52346819140625 250.2
6.5634857421875 236.3375
6.603490794921875 214.175
6.643471046875 215.3125
6.69349431640625 221.95
6.723475642578125 251.2
6.7634753125 248.5
6.8034818671875 222.15
6.843494369140625 215.1375
6.87927156640625 215.0
6.923481533203125 235.575
6.963485578125 249.9625
7.0034835078125 243.3125
7.04349907421875 213.7375
7.083525986328125 215.2
7.123498771484375 214.9625
7.163487572265625 250.525
7.20349201953125 247.85
7.243488873046875 228.425
7.28349246875 215.4
7.3235274375 215.3125
7.363512091796875 230.4125
7.403512744140625 248.6625
7.44349580859375 248.7
7.48349916796875 215.05
7.563519033203125 215.175
7.6035249296875 245.5375
7.64351930859375 249.2625
7.683505197265625 232.0125
7.72351137109375 214.9625
7.76350815234375 214.975
7.80350996875 224.825
7.843530927734375 249.4375
7.893509529296875 249.4
7.923513455078125 218.9875
7.963514814453125 215.15
8.00351366015625 214.65
8.0435178984375 238.9875
8.083531658203125 250.525
8.1235350859375 239.125
8.163516990234376 214.375
8.203522732421876 214.95
8.24352001953125 217.7625
8.28352309375 250.9125
8.3235356796875 248.0625
8.403536841796875 220.625
8.4435280546875 215.05
8.483529421875 233.4125
8.52352813671875 249.575
8.563535517578124 245.9625
8.60354990234375 213.8375
8.643541412109375 215.5875
8.68353507421875 215.025
8.723537287109375 248.9125
8.763537267578124 248.3125
8.813537765625 230.15
8.843554908203124 215.125
8.883555337890625 214.7375
8.92354430859375 228.4375
8.9635407734375 248.8
9.043549828125 232.3125
9.083565767578126 215.15
9.163549759765624 228.8
9.203556681640626 250.2625
9.243552865234374 235.9875
9.283555228515626 215.125
9.323567623046875 215.0375
9.36357250390625 222.2125
9.403572080078124 250.05
9.453569876953125 248.4875
9.483562306640625 222.25
9.563576599609375 215.20625
9.639361341796874 236.3875
9.6835686796875 250.0875
9.723568880859375 241.8125
9.763571783203124 213.875
9.803568447265626 215.425
9.843596193359375 215.475
9.88358905078125 250.75
9.92357229296875 247.775
9.96357434375 228.25
10.003578623046876 215.1125
10.043574482421874 214.8125
10.083591255859375 230.8375
10.123599876953126 248.95
10.16358033984375 247.95
10.20358016015625 214.9
10.243584294921876 214.9875
10.279352189453125 215.55
10.323608447265626 245.3125
10.36360537109375 248.875
10.403601736328126 232.55
10.443588265625 214.925
10.48359402734375 215.425
10.523591580078126 225.85
10.563607080078125 248.9375
10.603611685546875 249.025
10.643609978515626 218.3375
10.683599361328126 215.1125
10.733612203125 227.375
10.80359922265625 250.4375
10.84361272265625 238.975
10.88362081640625 213.925
10.91938917578125 215.0875
10.9636048359375 218.2
11.003714154296874 251.05
11.043616048828126 248.275
11.083622166015624 225.025
11.12368583984375 214.825
11.163608998046875 214.9
11.2036135625 234.1875
11.24361537890625 249.325
11.283616900390625 244.55
11.323632861328125 213.525
11.373620068359376 214.9
11.443619904296876 249.275
11.483622935546874 248.5875
11.523620833984374 230.475
11.55939246484375 214.7875
11.603644806640625 215.2375
11.643625021484375 228.6625
11.683627671875 248.85
11.723630712890625 249.1125
11.76364346875 215.925
11.803645078125 215.2
11.84364419140625 215.5
11.88365230078125 242.9875
11.9236366640625 249.5625
11.963637822265625 235.05
11.99940556640625 214.5
12.043640421875 214.9625
12.0836589375 221.6375
12.123662080078125 250.075
12.163641583984376 248.4125
12.203646380859375 222.325
12.243644732421876 214.675
12.283644728515625 215.1
12.32366260546875 236.2875
12.363667271484376 249.9625
12.40366572265625 242.8625
12.44365133203125 213.6125
12.483652958984376 215.1625
12.523655416015625 216.075
12.563673505859375 250.9875
12.60367113671875 248.125
12.6394564921875 227.125
12.683656533203125 215.35
12.723660458984375 215.125
12.763661755859374 231.125
12.803661794921876 248.9375
12.843681390625 247.6125
12.879458498046874 214.675
12.923664591796875 215.3
12.96366684375 214.9875
13.003700580078124 246.075
13.04366777734375 248.95
13.0936756015625 223.68125
13.133672591796875 214.8875
13.20367474609375 226.0625
13.2436736640625 249.525
13.2794451484375 249.4375
13.323691291015624 218.3875
13.363697751953126 214.55
13.403695763671875 215.1875
13.443680833984375 239.55
13.483684068359375 250.375
13.523686681640624 238.575
13.56368691796875 214.0375
13.603704544921875 214.875
13.64370584765625 218.2875
13.6836917890625 251.0625
13.719458599609375 247.8875
13.763694404296874 224.7875
13.80369263671875 215.0875
13.843712091796874 215.4125
13.883718263671875 234.45
13.92369726171875 249.05
13.963701140625 244.4625
14.00369925390625 214.1375
14.04370338671875 214.825
14.08369955859375 215.425
14.119499154296875 250.25
14.1637039765625 248.0875
14.203706818359375 229.1375
14.243709306640625 214.9625
14.28370812890625 215.0375
14.323718828125 230.2
14.3737088515625 248.71875
14.44371234375 215.2
14.483711541015625 214.9375
14.523715009765626 215.175
14.559484111328125 243.1375
14.603732974609375 250.2875
14.643733232421875 235.3875
14.68371952734375 214.9875
14.723724337890625 215.2125
14.7637232109375 221.6625
14.803724 250.6375
14.8437476484375 248.7
14.883745525390625 221.0
14.92372835546875 214.625
14.963727859375 215.25
14.999497869140624 237.175
15.043741025390625 250.225
15.08374296484375 242.2125
15.12374950390625 213.4625
15.16373253125 215.5625
15.2037372421875 216.1875
15.243738814453126 251.4
15.283738744140624 248.05
15.323758455078124 226.9125
15.363759484375 215.0875
15.403749248046875 215.0375
15.4537666015625 232.05
15.48374587890625 249.0125
15.523750283203125 247.7
15.563749384765625 213.9
15.60376000390625 215.0375
15.6395447421875 215.225
15.68374925 246.1125
15.7237522890625 248.9625
15.763757390625 231.7
15.8037547109375 214.4625
15.843788810546876 215.0625
15.883775212890624 225.3125
15.923757818359375 249.55
15.9637622265625 248.95
16.0037605703125 217.2875
16.043761974609374 214.4875
16.083774595703126 215.3375
16.123783431640625 240.025
16.163767998046875 249.9875
16.203767912109374 237.8125
16.243767904296874 213.95
16.2795375703125 215.1125
16.323790216796876 218.4875
16.36379973046875 250.65
16.40379468359375 248.05
16.44377441015625 223.175
16.483777857421874 215.075
16.523775658203125 214.9875
16.56379461328125 234.7
16.603802001953124 249.8375
16.64378058984375 244.225
16.68378128515625 213.475
16.73380112109375 215.4
16.763786568359375 214.725
16.803799640625 249.6375
16.843810763671875 247.9
16.8837970625 229.2125
16.919573048828124 215.0375
16.9637886484375 215.0
17.00379119140625 229.7625
17.043796912109375 248.75
17.083809529296875 248.5875
17.123810697265625 215.025
17.163798669921874 214.775
17.203801291015626 215.0875
17.243799951171876 243.125
17.2838015 249.6375
17.32381919140625 234.3125
17.363826556640625 214.175
17.4038485859375 214.725
17.44380447265625 222.2625
17.4838095390625 249.8125
17.523805376953124 248.8375
17.559577423828124 221.2
17.603823119140625 214.9
17.6438263515625 215.55
17.683814171875 237.4375
17.723815603515625 250.2625
17.763816421875 240.675
17.8038164765625 213.8625
17.8438319375 215.525
17.89382397265625 217.2
17.92382244140625 251.325
17.9638234453125 248.775
18.013841630859375 225.95
18.04382582421875 215.075
18.0838399375 214.9125
18.123839544921875 231.7875
18.173830966796874 248.8375
18.2038304765625 246.9
18.24383282421875 213.4
18.283830439453126 215.4625
18.3238486484375 214.8125
18.363848525390626 246.825
18.403853654296874 248.575
18.44383358984375 232.05
18.4838390859375 215.3375
18.523836849609374 214.9375
18.56385688671875 225.775
18.603855609375 248.975
18.6538459375 248.6875
18.683843580078126 217.0375
18.723845833984374 214.725
18.763845236328127 215.4125
18.80386378515625 239.55
18.839646439453126 249.725
18.883870943359376 236.5875
18.923855587890625 214.375
18.963853931640624 215.0
19.003852494140624 220.275
19.043866541015625 250.825
19.08387328515625 248.2625
19.11965728515625 222.825
19.163862376953126 215.1125
19.20385852734375 217.2125
19.243859447265624 236.0875
19.28386566015625 249.7
19.323879681640626 244.1125
19.36388084765625 213.5375
19.403878267578126 215.05
19.4438661328125 215.05
19.49388369921875 250.5625
19.52386772265625 248.6
19.56388183203125 228.8625
19.603887666015623 215.3
19.6438894375 214.75
19.6796423203125 228.9875
19.72387558984375 248.2
19.763879236328126 249.65
19.80387725 215.125
19.843892548828126 214.85
19.883904978515623 215.4625
19.923886783203123 243.775
19.963882056640625 249.6875
20.000210673828125 234.425
