#time(s) power(W)
0.04346628125 261.0
0.08346550390625 230.0
0.133467142578125 263.0
0.163478986328125 320.0
0.203470353515625 164.0
0.243468853515625 139.0
0.28355244140625 260.0
0.31926478125 262.0
0.36349038671875 266.0
0.4034761875 161.0
0.4434738046875 208.0
0.483479169921875 262.0
0.5235144140625 319.0
0.563493474609375 161.0
0.6034823046875 139.0
0.643485333984375 262.0
0.68348048828125 262.0
0.723502388671875 312.0
0.77348488671875 161.0
0.803487189453125 163.0
0.84348898828125 262.0
0.883489880859375 319.0
0.92351819140625 161.0
0.959291427734375 138.0
1.00349572265625 261.0
1.043492736328125 262.0
1.083493357421875 319.0
1.12351396875 161.0
1.1635298984375 138.0
1.20349608203125 261.0
1.243502935546875 263.0
1.28349987109375 181.0
1.323521900390625 144.0
1.36352583984375 247.0
1.41352216796875 261.0
1.443505724609375 319.0
1.483509671875 163.0
1.523530548828125 139.0
1.563536978515625 260.0
1.599279515625 262.0
1.643513791015625 228.0
1.6835176875 156.0
1.723534763671875 215.0
1.763537505859375 262.0
1.803517373046875 319.0
1.843519703125 163.0
1.883522037109375 139.0
1.92353800390625 261.0
1.9635424609375 262.0
2.003521525390625 284.0
2.039293603515625 160.0
2.083528046875 172.0
2.1235476171875 261.0
2.173528548828125 320.0
2.203533349609375 161.0
2.2435371328125 139.0
2.283535826171875 264.0
2.32354835546875 262.0
2.36355254296875 316.0
2.403534626953125 161.0
2.443538318359375 140.0
2.4835690234375 261.0
2.523559728515625 305.0
2.563555244140625 170.0
2.60354046484375 143.0
2.64354353125 261.0
2.67931297265625 262.0
2.723563353515625 319.0
2.7635641328125 163.0
2.803584560546875 141.0
2.843549462890625 215.0
2.89355248828125 262.0
2.923574646484375 206.0
2.963566828125 148.0
3.003556541015625 235.0
3.0435835390625 262.0
3.083558708984375 320.0
3.1193541484375 163.0
3.16357738671875 139.0
3.203560369140625 261.0
3.243562357421875 262.0
3.283565599609375 263.0
3.323597853515625 161.0
3.36358656640625 191.0
3.4035675 262.0
3.44356801953125 319.0
3.483572990234375 161.0
3.523569888671875 140.0
3.563593228515625 262.0
3.603573197265625 263.0
3.643573349609375 309.0
3.683579130859375 161.0
3.72359662109375 150.0
3.759374591796875 261.0
3.8035795390625 319.0
3.84358033984375 164.0
3.883584236328125 140.0
3.923598810546875 260.0
3.963619236328125 262.0
4.003584498046875 319.0
4.043590658203125 163.0
4.083590318359375 139.0
4.11938586328125 261.0
4.173595244140625 262.0
4.20359328515625 181.0
4.243594724609375 144.0
4.283596962890625 257.0
4.323615955078125 262.0
4.3636111015625 320.0
4.39936595703125 162.0
4.44360142578125 139.0
4.4836011640625 261.0
4.523619802734375 261.0
4.563621052734375 228.0
4.603604693359375 156.0
4.643606515625 218.0
4.68360329296875 262.0
4.72362119140625 319.0
4.7636287734375 164.0
4.803613080078125 140.0
4.84360976953125 261.0
4.88361263671875 263.0
4.92362601171875 283.0
4.9636421953125 161.0
5.003616255859375 170.0
5.039386322265625 262.0
5.08362109765625 319.0
5.123628412109375 161.0
5.163638564453125 138.0
5.203621423828125 262.0
5.243625357421875 262.0
5.28362921484375 316.0
5.32364557421875 160.0
5.3636514296875 142.0
5.403631505859375 261.0
5.44362888671875 319.0
5.4936304296875 164.0
5.523647841796875 139.0
5.563656892578125 260.0
5.6036372890625 262.0
5.643637171875 319.0
5.67940572265625 162.0
5.723652208984375 138.0
5.763659548828125 260.0
5.803640193359375 262.0
5.8436411484375 189.0
5.88364876171875 148.0
5.9236692265625 244.0
5.9636647109375 261.0
6.003830154296875 320.0
6.04365184765625 164.0
6.083650150390625 139.0
6.123665693359375 260.0
6.173652130859375 262.0
6.203652486328125 243.0
6.243659064453125 161.0
6.28365490625 203.0
6.3194566328125 261.0
6.363670638671875 319.0
6.40366022265625 162.0
6.443664900390625 139.0
6.483665765625 261.0
6.523691244140625 263.0
6.563678078125 301.0
6.6036637578125 160.0
6.643670353515625 157.0
6.68367397265625 262.0
6.723682322265625 319.0
6.7636875078125 162.0
6.80367247265625 139.0
6.843674181640625 261.0
6.883671787109375 261.0
6.923689779296875 319.0
6.973676861328125 162.0
7.003682826171875 139.0
7.043688623046875 261.0
7.083681685546875 274.0
7.133682484375 179.0
7.16371184375 143.0
7.203684173828125 256.0
7.24368897265625 261.0
7.283687353515625 320.0
7.323705265625 163.0
7.36370403515625 140.0
7.403692345703125 260.0
7.443692189453125 262.0
7.483694046875 222.0
7.523707978515625 156.0
7.5637135703125 235.0
7.599464806640625 261.0
7.643697794921875 319.0
7.683699208984375 164.0
7.72372072265625 139.0
7.76371384375 261.0
7.8037030703125 262.0
7.843705919921875 284.0
7.893789640625 161.0
7.923719767578125 192.0
7.963735087890625 262.0
8.00370860546875 319.0
8.05372906640625 163.0
8.08371236328125 140.0
8.123734056640625 260.0
8.16372292578125 260.0
8.203715720703125 316.0
8.23948471875 161.0
8.28395390625 140.0
8.32373233984375 261.0
8.36373869140625 319.0
8.403720455078124 170.0
8.443721640625 139.0
8.483722353515626 260.0
8.523740806640625 262.0
8.563743419921876 320.0
8.60372817578125 162.0
8.643730052734375 138.0
8.693731525390625 260.0
8.72375137890625 262.0
8.76375250390625 202.0
8.803736650390626 148.0
8.84373652734375 248.0
8.879504552734375 248.0
8.92375773046875 319.0
8.9637515078125 164.0
9.0037420625 139.0
9.043741087890625 260.0
9.083745708984376 261.0
9.119539220703125 261.0
9.16376203515625 160.0
9.2037463046875 195.0
9.243747474609375 261.0
9.283745822265624 318.0
9.3237666875 162.0
9.363766076171874 139.0
9.403752765625 261.0
9.443752642578126 261.0
9.48375648828125 284.0
9.519552658203125 284.0
9.563775888671875 150.0
9.603758755859374 262.0
9.6437603671875 319.0
9.683761974609375 160.0
9.72380355078125 139.0
9.76378177734375 262.0
9.8037686171875 262.0
9.843764591796875 319.0
9.8837674140625 161.0
9.923779203125 141.0
9.96378469140625 261.0
10.00377030859375 273.0
10.0437755703125 171.0
10.083775919921875 144.0
10.123790564453126 256.0
10.15957117578125 256.0
10.203774611328125 320.0
10.243777369140625 163.0
10.283780705078126 140.0
10.323797935546875 260.0
10.36381157421875 262.0
10.4037819921875 213.0
10.44378840625 152.0
10.483789388671875 241.0
10.523801701171875 262.0
10.56380440234375 319.0
10.613809052734375 163.0
10.643793912109375 139.0
10.68379398046875 260.0
10.723811599609375 262.0
10.7638088359375 282.0
10.803797298828124 282.0
10.843797521484374 161.0
10.883799169921875 194.0
10.92381583984375 262.0
10.96381939453125 319.0
11.003803478515625 162.0
11.04381118359375 140.0
11.083803734375 261.0
11.12382077734375 262.0
11.163827521484375 311.0
11.20380832421875 162.0
11.239577228515625 146.0
11.283808828125 262.0
11.323823716796875 319.0
11.363825986328125 162.0
11.403817298828125 139.0
11.44381211328125 258.0
11.48381794140625 262.0
11.523832119140625 319.0
11.56383824609375 161.0
11.60381838671875 139.0
11.643822685546874 260.0
11.6795910546875 262.0
11.723841458984374 185.0
11.76385075390625 148.0
11.803829837890625 245.0
11.843825666015626 262.0
11.883830310546875 319.0
11.92384229296875 164.0
11.963849861328125 139.0
12.003833791015625 260.0
12.043833705078125 262.0
12.0838393046875 226.0
12.119634220703125 161.0
12.1738381796875 262.0
12.20383967578125 262.0
12.243840076171875 318.0
12.28384250390625 163.0
12.3238691328125 139.0
12.36385991015625 261.0
12.4038468984375 262.0
12.443848572265624 287.0
12.483847439453125 160.0
12.523876587890625 168.0
12.573853123046876 318.0
12.603849701171875 318.0
12.643851732421876 161.0
12.683854443359374 139.0
12.723866615234375 262.0
12.759649396484376 261.0
12.8038595 318.0
12.84385779296875 162.0
12.879628080078126 141.0
12.9238747421875 261.0
12.96389589453125 285.0
13.003863865234376 173.0
13.0438646328125 144.0
13.083864328125 255.0
13.123888279296875 262.0
13.163888056640625 319.0
13.203870681640625 162.0
13.2438696796875 139.0
13.283872349609375 261.0
13.323887888671875 262.0
13.36389148046875 209.0
13.399644048828126 154.0
13.443877947265625 228.0
13.4838774375 260.0
13.523901193359375 318.0
13.563904986328126 165.0
13.603882892578126 139.0
13.6438885703125 261.0
13.68388463671875 262.0
13.7239030703125 265.0
13.763905201171875 160.0
13.80388754296875 190.0
13.84389178515625 262.0
13.88388996484375 320.0
13.92391030859375 161.0
13.96390633203125 138.0
14.003896927734376 261.0
14.053902705078125 317.0
14.083896966796875 317.0
14.11969561328125 160.0
14.17390058203125 261.0
14.203904953125 261.0
14.243904875 319.0
14.283906630859375 163.0
14.324027091796875 139.0
14.3639205625 261.0
14.403909333984375 261.0
14.44391107421875 319.0
14.49391238671875 139.0
14.523927515625 139.0
14.563930107421875 261.0
14.60390976171875 263.0
14.643914216796874 197.0
14.68391904296875 148.0
14.723935783203125 251.0
14.763938939453125 262.0
14.803920439453124 320.0
14.843919560546874 164.0
14.883921279296874 139.0
14.923946640625 260.0
14.963928978515625 262.0
15.00392365625 249.0
15.04393452734375 161.0
15.083928572265625 221.0
15.123949251953125 318.0
15.163944005859374 318.0
15.20393196875 163.0
15.243933345703125 138.0
15.283934603515625 261.0
15.319727728515625 261.0
15.363956318359374 278.0
15.403941818359375 161.0
15.443937072265625 156.0
15.4839428359375 262.0
15.5239583515625 319.0
15.56395893359375 162.0
15.60394349609375 140.0
15.64394660546875 263.0
15.683945513671874 262.0
15.723967240234375 319.0
15.7739516328125 142.0
15.80395174609375 142.0
15.843953697265626 261.0
15.88395310546875 297.0
15.923970126953124 170.0
15.959751259765625 144.0
16.00395624609375 256.0
16.04395953515625 262.0
16.08396162890625 320.0
16.123976744140624 163.0
16.17396231640625 139.0
16.20396481640625 261.0
16.243966333984375 262.0
16.283968646484375 207.0
16.323979197265626 153.0
16.363986130859374 231.0
16.399736044921877 262.0
16.4439725390625 319.0
16.483972125 163.0
16.523988341796876 139.0
16.563989998046875 260.0
16.603974671875 262.0
16.64397538671875 262.0
16.683978423828126 160.0
16.7240021796875 188.0
16.763990287109376 261.0
16.80398261328125 319.0
16.839750548828125 161.0
16.8839839609375 140.0
16.92400669140625 262.0
16.96400248828125 263.0
17.0039851484375 314.0
17.043990337890627 160.0
17.083990130859377 146.0
17.133994494140627 262.0
17.164009232421876 319.0
17.203992625 167.0
17.24399712890625 139.0
17.283993853515625 261.0
17.324013630859376 263.0
17.36401526171875 319.0
17.403999546875 161.0
17.443999751953125 139.0
17.494003228515624 260.0
17.524018828125 262.0
17.5640204453125 178.0
17.604005146484376 144.0
17.644005873046876 251.0
17.67977606640625 262.0
17.7240254921875 320.0
17.7640388515625 163.0
17.804011453125 139.0
17.844009791015626 260.0
17.89401751953125 262.0
17.92403128515625 224.0
17.96403731640625 162.0
18.004017783203125 216.0
18.044021884765623 261.0
18.084022244140623 319.0
18.13401874609375 163.0
18.174026076171874 139.0
18.204023953125 260.0
18.244025703125 261.0
18.284026708984374 289.0
18.3198245625 160.0
18.3640465546875 165.0
18.40402811328125 261.0
18.44402966015625 319.0
18.48403602734375 163.0
18.5240644453125 139.0
18.564051970703126 263.0
18.604042064453125 262.0
18.644038763671876 319.0
18.68404229296875 160.0
18.724059630859376 143.0
18.76405716796875 259.0
18.804040900390625 304.0
18.84404509375 170.0
18.884048349609376 144.0
18.92406795703125 261.0
18.974045638671875 262.0
19.00404784765625 320.0
19.044056025390624 162.0
19.0840523359375 138.0
19.119846251953124 261.0
19.15984636328125 262.0
19.20405453125 281.0
19.244054091796876 147.0
19.284059876953126 243.0
19.3240762265625 261.0
19.36408340625 319.0
19.404063087890624 163.0
19.444063939453127 139.0
19.484060755859375 259.0
19.524080537109374 262.0
19.56408605859375 257.0
19.61408133203125 160.0
19.644068435546874 194.0
19.684068154296874 262.0
19.724081173828125 319.0
19.76408734375 163.0
19.80407469921875 139.0
19.84407444140625 261.0
19.884075931640623 261.0
19.92409868359375 308.0
19.964205400390625 160.0
20.000612369140626 166.0
