#time(s) power(W)
0.043291453125 265.0
0.083285865234375 269.0
0.12328878125 269.0
0.15905827734375 267.0
0.203291224609375 268.0
0.24329514453125 272.0
0.283297466796875 270.0
0.323292787109375 261.0
0.36330194921875 254.0
0.4032996875 271.0
0.443300294921875 253.0
0.483299111328125 256.0
0.5232997890625 261.0
0.56330728515625 254.0
0.603320568359375 251.0
0.643304283203125 263.0
0.683306986328125 267.0
0.7233056171875 255.0
0.763307224609375 253.0
0.81330887109375 257.0
0.843310046875 257.0
0.88331143359375 251.0
0.92331500390625 248.0
0.963313181640625 254.0
0.999087984375 251.0
1.043316673828125 254.0
1.0833213203125 256.0
1.123320931640625 254.0
1.173358544921875 269.0
1.19909018359375 269.0
1.25332860546875 270.0
1.27909258984375 270.0
1.323328888671875 268.0
1.363325767578125 264.0
1.403330701171875 265.0
1.443327884765625 267.0
1.483332134765625 270.0
1.533334392578125 268.0
1.55910100390625 268.0
1.60333958203125 267.0
1.653338244140625 283.0
1.693336623046875 274.0
1.719106181640625 274.0
1.75910728515625 281.0
1.803341724609375 273.0
1.8433479609375 268.0
1.883359208984375 267.0
1.923342734375 270.0
1.963343642578125 268.0
2.003348060546875 265.0
2.04335033203125 272.0
2.083351044921875 256.0
2.133356818359375 286.0
2.163353802734375 286.0
2.203352650390625 266.0
2.243358021484375 266.0
2.279123123046875 265.0
2.323355767578125 268.0
2.363356109375 258.0
2.4035438359375 254.0
2.443360029296875 271.0
2.483364505859375 268.0
2.5233613671875 256.0
2.56336585546875 251.0
2.60336645703125 249.0
2.643368263671875 249.0
2.683371173828125 251.0
2.72336928515625 253.0
2.7633709609375 257.0
2.8033716328125 253.0
2.84337178515625 253.0
2.88337580078125 255.0
2.93337345703125 253.0
2.963375751953125 253.0
3.003378361328125 253.0
3.043388166015625 254.0
3.083382111328125 260.0
3.119149509765625 265.0
3.163382291015625 269.0
3.203383421875 268.0
3.243382869140625 268.0
3.28338635546875 270.0
3.323387478515625 256.0
3.363391611328125 266.0
3.403390078125 270.0
3.443394236328125 273.0
3.4833933984375 271.0
3.52339138671875 285.0
3.563399015625 268.0
3.603398732421875 267.0
3.643397125 285.0
3.683398923828125 265.0
3.723396759765625 268.0
3.759169208984375 256.0
3.803402765625 268.0
3.8434050625 270.0
3.883404541015625 266.0
3.9234054921875 270.0
3.96341158203125 269.0
4.003409740234375 268.0
4.04340710546875 268.0
4.083410853515625 261.0
4.1234095234375 260.0
4.16341498828125 270.0
4.2034136328125 266.0
4.243413591796875 270.0
4.283415697265625 257.0
4.323416013671875 257.0
4.36341997265625 256.0
4.399188513671875 257.0
4.4434211171875 257.0
4.48342363671875 255.0
4.52342776171875 255.0
4.56342419140625 254.0
4.603428466796875 256.0
4.64342812109375 255.0
4.68343180859375 256.0
4.723429859375 260.0
4.763434275390625 256.0
4.80343159375 258.0
4.843436017578125 256.0
4.88345247265625 255.0
4.92344034375 254.0
4.963437806640625 256.0
5.003437626953125 262.0
5.039208068359375 263.0
5.083440560546875 270.0
5.123442041015625 273.0
5.163443923828125 268.0
5.203445865234375 265.0
5.24344543359375 263.0
5.2834490859375 281.0
5.323447525390625 268.0
5.363449736328125 269.0
5.40345022265625 269.0
5.44345128515625 261.0
5.479221587890625 271.0
5.52345498828125 269.0
5.563455341796875 268.0
5.60345973046875 258.0
5.643457294921875 270.0
5.683463783203125 261.0
5.7234617421875 270.0
5.763460689453125 260.0
5.803463697265625 268.0
5.84346422265625 267.0
5.883482677734375 267.0
5.9334671328125 268.0
5.963471037109375 267.0
6.003468759765625 253.0
6.043470490234375 266.0
6.083471583984375 269.0
6.11924125390625 255.0
6.16347265625 271.0
6.20347415625 260.0
6.24347677734375 264.0
6.283480765625 251.0
6.323482400390625 248.0
6.36347912890625 251.0
6.403479861328125 255.0
6.443483884765625 258.0
6.483483423828125 252.0
6.523485041015625 247.0
6.559254583984375 256.0
6.6034873359375 252.0
6.643490421875 259.0
6.683495998046875 252.0
6.723490740234375 259.0
6.763500125 257.0
6.80349644140625 254.0
6.843493966796875 255.0
6.8835106953125 249.0
6.92350035546875 260.0
6.96349788671875 263.0
7.003500591796875 258.0
7.04351176953125 270.0
7.083502728515625 255.0
7.133504453125 266.0
7.1635026171875 272.0
7.19927498046875 266.0
7.2435091953125 267.0
7.283511568359375 268.0
7.32350920703125 282.0
7.36351178125 266.0
7.403514974609375 285.0
7.4435159609375 269.0
7.483514416015625 266.0
7.52351987890625 269.0
7.56351601171875 271.0
7.60353061328125 271.0
7.639287908203125 261.0
7.6835215 268.0
7.723524474609375 264.0
7.763522494140625 258.0
7.803525041015625 282.0
7.843529451171875 263.0
7.88352833984375 266.0
7.923532201171875 269.0
7.9635328671875 269.0
8.00353175 257.0
8.04353502734375 271.0
8.083533970703124 256.0
8.1235346171875 264.0
8.163533908203124 266.0
8.203538015625 255.0
8.24354201953125 254.0
8.293538482421875 250.0
8.323556837890624 253.0
8.363544177734376 257.0
8.40354653515625 255.0
8.443546126953125 258.0
8.48354709765625 259.0
8.523547552734374 255.0
8.56354623046875 248.0
8.603547271484375 251.0
8.64355392578125 255.0
8.683550123046874 257.0
8.72355145703125 252.0
8.76355561328125 265.0
8.80355786328125 268.0
8.843556546875 271.0
8.88355718359375 257.0
8.933583189453126 265.0
8.96356167578125 266.0
9.003560609375 264.0
9.043568880859375 265.0
9.083563001953125 270.0
9.123570671875 271.0
9.163582666015625 267.0
9.203571439453125 270.0
9.243572693359376 269.0
9.28357598046875 267.0
9.3235688828125 271.0
9.363572826171875 268.0
9.403571640625 270.0
9.44357305078125 271.0
9.4835757265625 266.0
9.523576791015625 270.0
9.559346830078125 272.0
9.603582955078124 259.0
9.6436178984375 259.0
9.68358647265625 268.0
9.723584482421876 254.0
9.7635853828125 258.0
9.803586076171875 270.0
9.843587373046875 270.0
9.883588513671874 270.0
9.923590138671875 270.0
9.96359130859375 253.0
10.003591375 268.0
10.043594923828126 256.0
10.083595216796875 252.0
10.123594953125 251.0
10.163600431640624 251.0
10.19936684375 251.0
10.243598806640625 252.0
10.283606884765625 252.0
10.323600861328124 254.0
10.363607939453125 253.0
10.403608068359375 253.0
10.443606291015625 254.0
10.483606546875 253.0
10.52360714453125 250.0
10.563613009765625 254.0
10.603610607421874 254.0
10.63938023046875 254.0
10.68361026953125 265.0
10.723614291015625 262.0
10.763613796875 268.0
10.8036163359375 258.0
10.843618935546875 263.0
10.8836170859375 256.0
10.923619392578125 265.0
10.96362092578125 267.0
11.0036231484375 268.0
11.0436332578125 267.0
11.083625458984375 268.0
11.1236300234375 266.0
11.163632251953125 265.0
11.203627052734374 266.0
11.2436309765625 269.0
11.293632166015625 267.0
11.32363231640625 278.0
11.363636716796876 264.0
11.403635224609374 268.0
11.443637611328125 272.0
11.479405798828125 270.0
11.52363848828125 269.0
11.56363981640625 270.0
11.603643765625 267.0
11.643645802734374 268.0
11.683645140625 257.0
11.72364531640625 257.0
11.7636468203125 270.0
11.803649099609375 258.0
11.84364947265625 256.0
11.88365046875 265.0
11.93365211328125 255.0
11.963656490234374 266.0
12.00365374609375 253.0
12.04365715625 257.0
12.08365649609375 255.0
12.119426044921875 256.0
12.16365700390625 255.0
12.203662548828126 252.0
12.243667166015625 257.0
12.2836615546875 256.0
12.323664330078126 256.0
12.363663111328124 255.0
12.403883533203125 254.0
12.443670107421875 258.0
12.48366987109375 246.0
12.52366688671875 256.0
12.5736703125 254.0
12.6036716796875 263.0
12.643675828125 265.0
12.683674787109375 259.0
12.7236745078125 259.0
12.759445181640626 258.0
12.803681623046876 267.0
12.843678783203124 270.0
12.8836872890625 263.0
12.923680603515624 267.0
12.96368502734375 272.0
13.00368519921875 270.0
13.043688662109375 270.0
13.083684958984374 268.0
13.123689927734375 269.0
13.163688431640624 272.0
13.21368900390625 274.0
13.243691083984375 283.0
13.2836933359375 273.0
13.323694830078125 269.0
13.36369793359375 273.0
13.39946502734375 256.0
13.443697744140625 258.0
13.48370196875 260.0
13.5237002734375 268.0
13.563702474609375 256.0
13.603704037109376 255.0
13.643706712890625 267.0
13.6837072265625 256.0
13.7237067109375 267.0
13.763707625 267.0
13.80371192578125 257.0
13.8394785625 268.0
13.88371269140625 254.0
13.92371758203125 265.0
13.96398709375 252.0
14.00371662109375 255.0
14.04371314453125 251.0
14.083720841796875 250.0
14.123718240234375 249.0
14.173721341796876 256.0
14.20371914453125 254.0
14.24372138671875 253.0
14.279491537109376 252.0
14.323727572265625 251.0
14.36372618359375 255.0
14.403728451171874 254.0
14.443730115234375 253.0
14.48373226171875 255.0
14.523729833984374 255.0
14.563730765625 254.0
14.603733447265626 257.0
14.643738095703124 271.0
14.68373458203125 269.0
14.733741451171875 270.0
14.763737685546875 268.0
14.80374445703125 267.0
14.8437412578125 268.0
14.88374140234375 286.0
14.92374594140625 270.0
14.963746359375 270.0
15.0037452890625 267.0
15.0437562890625 282.0
15.083748736328126 269.0
15.12375153125 283.0
15.16375008203125 272.0
15.203756076171874 271.0
15.243753984375 269.0
15.283753466796876 267.0
15.32375526171875 266.0
15.37375842578125 271.0
15.403759423828125 271.0
15.443762509765625 266.0
15.483762373046876 267.0
15.523762892578125 268.0
15.55953126953125 265.0
15.60376666796875 265.0
15.639533751953126 259.0
15.683766423828125 256.0
15.723765560546875 258.0
15.763769208984375 255.0
15.803770248046876 253.0
15.843770759765626 263.0
15.883773142578125 263.0
15.923777060546875 269.0
15.963773873046875 254.0
15.999544525390625 258.0
16.04377833984375 256.0
16.083776560546877 259.0
16.123778001953124 253.0
16.1637858671875 255.0
16.203790490234375 255.0
16.243783880859375 254.0
16.293790265625 254.0
16.333791908203125 256.0
16.363785533203124 253.0
16.403787609375 253.0
16.45378780859375 251.0
16.483791603515623 256.0
16.5237946953125 264.0
16.563793736328126 255.0
16.603795994140626 267.0
16.639564306640626 265.0
16.683799712890625 265.0
16.72379733984375 270.0
16.76380035546875 265.0
16.80380246484375 256.0
16.84380403515625 268.0
16.883820685546876 270.0
16.92380509765625 257.0
16.9638068671875 269.0
17.003809095703126 269.0
17.04380753515625 270.0
17.093812619140625 270.0
17.13380919921875 268.0
17.163814466796875 268.0
17.203815787109374 269.0
17.243815001953124 262.0
17.283819787109376 269.0
17.32382865625 266.0
17.363818796875 265.0
17.40382168359375 271.0
17.443820939453126 265.0
17.493823955078124 265.0
17.519591458984376 265.0
17.5595923125 265.0
17.61382767578125 267.0
17.639594904296874 267.0
17.68382673046875 255.0
17.733828779296875 256.0
17.763829271484376 255.0
17.80383388671875 261.0
17.843832248046876 258.0
17.883833375 255.0
17.919603787109374 255.0
17.963834806640627 255.0
18.003839943359374 252.0
18.043839658203126 253.0
18.08384072265625 253.0
18.12384398046875 272.0
18.16384166015625 259.0
18.203846634765625 256.0
18.24384740234375 254.0
18.2796145234375 254.0
18.323849517578125 256.0
18.359616990234375 256.0
18.413852755859374 270.0
18.453933275390625 270.0
18.479620560546874 270.0
18.5238591640625 258.0
18.559623296875 258.0
18.599625529296876 269.0
18.64385875390625 260.0
18.679627037109373 260.0
18.723875712890624 269.0
18.763863736328126 281.0
18.799630603515624 281.0
18.853861916015624 271.0
18.883918123046875 271.0
18.91963439453125 271.0
18.963870015625 269.0
18.99963666796875 269.0
19.039638099609373 272.0
19.083874173828125 271.0
19.1238778359375 272.0
19.163888634765627 272.0
19.2138759765625 269.0
19.243874837890626 269.0
19.283884294921876 268.0
19.32387733203125 269.0
19.3638788203125 267.0
19.403880744140626 260.0
19.443887025390627 257.0
19.493965349609375 257.0
19.5196528671875 257.0
19.55965390625 254.0
19.60388954296875 253.0
19.639656619140624 263.0
19.6838910859375 267.0
19.723892828125 255.0
19.7738989140625 257.0
19.8038958671875 257.0
19.8438945625 256.0
19.893900599609374 254.0
19.923897490234374 254.0
19.96389690234375 250.0
20.0002016640625 255.0
