#time(s) power(W)
0.0438016875 232.05
0.08378447265625 235.4
0.119557021484375 230.775
0.173790580078125 234.575
0.203790802734375 252.2875
0.243812142578125 272.55
0.2838130859375 260.875
0.32379741015625 238.9125
0.363794705078125 230.7375
0.4037975078125 235.65
0.44381784765625 246.6875
0.48380179296875 273.7625
0.523802029296875 263.8375
0.56380266015625 238.4125
0.603802921875 232.9625
0.643817552734375 235.8125
0.683807126953125 241.8
0.72380865625 272.575
0.7595764765625 267.9625
0.80380874609375 238.4875
0.84381178515625 233.2625
0.8838123671875 235.6625
0.92381419140625 236.575
0.963818705078125 271.95
1.003814375 273.175
1.04381871484375 239.6625
1.08381659765625 234.3625
1.123818537109375 234.8875
1.163823126953125 235.0
1.203823142578125 267.2125
1.24382025 274.7875
1.28382324609375 242.7625
1.323825041015625 235.2125
1.36382483203125 233.3625
1.413830921875 234.6
1.44384840234375 262.6
1.4838329765625 274.3125
1.523830763671875 249.9625
1.563834611328125 236.9
1.599602279296875 232.2625
1.643848845703125 234.325
1.6838394609375 258.775
1.723837705078125 275.075
1.763840291015625 254.1625
1.803845140625 237.7
1.8438582734375 233.0
1.883854830078125 236.8375
1.923845044921875 253.0
1.963847984375 275.075
2.0038445 259.0125
2.043853755859375 237.2625
2.08410551953125 233.1875
2.123851859375 238.1625
2.163853955078125 247.5125
2.203852890625 274.625
2.25386753125 265.4375
2.283859484375 238.1
2.32385780078125 234.2375
2.363858802734375 238.175
2.403860798828125 241.4625
2.44386384375 274.25
2.483858578125 270.4
2.523877421875 238.55
2.563862220703125 235.1
2.603865578125 237.65
2.643882388671875 237.775
2.693866947265625 273.1375
2.7238691640625 274.875
2.76387057421875 240.825
2.803874546875 236.375
2.8438876953125 236.075
2.88388522265625 236.2875
2.92387459375 268.8
2.963876060546875 277.85
3.003877470703125 238.2625
3.04388840234375 237.8875
3.08387950390625 235.8875
3.12388045703125 237.1375
3.16388501171875 265.55
3.20388682421875 277.525
3.243884146484375 243.8875
3.2838874296875 238.05
3.31965583984375 235.1625
3.363888603515625 237.625
3.403893302734375 260.6
3.443901421875 277.2625
3.48391811328125 251.475
3.523896638671875 237.275
3.563896310546875 234.6125
3.60389844140625 239.4
3.64392137109375 254.5625
3.683901708984375 277.35
3.7239006875 258.1625
3.77390025 236.2875
3.803902802734375 235.4
3.843918486328125 239.6
3.883904740234375 247.4125
3.923907173828125 276.9
3.963910478515625 264.0625
4.00390755859375 235.1
4.0439131953125 235.5875
4.083909443359375 239.8875
4.11968021484375 243.2875
4.163912876953125 276.1375
4.2039164140625 273.0625
4.243932685546875 234.5875
4.28393254296875 237.0625
4.32391851171875 237.975
4.363920744140625 239.2
4.39968825390625 273.85
4.443925529296875 275.15
4.483921923828125 234.825
4.52392203515625 237.5
4.5639242265625 236.7125
4.6039279765625 237.8125
4.643940546875 268.575
4.68394775 278.1875
4.723930810546875 238.5875
4.763930109375 238.15
4.803934572265625 235.8
4.839702248046875 237.8625
4.883936435546875 264.575
4.923934087890625 278.075
4.963939626953125 247.175
5.003943078125 238.2125
5.04394086328125 237.4375
5.083941912109375 237.9
5.1239432109375 260.6875
5.163949060546875 278.5
5.20394669140625 252.2875
5.2439448046875 238.3875
5.293950314453125 234.425
5.323948095703125 239.4875
5.363951099609375 254.4625
5.403955021484375 277.325
5.443956490234375 259.4375
5.479722142578125 237.125
5.523956185546875 235.9375
5.56395773046875 240.35
5.603959544921875 248.35
5.643979625 277.5875
5.683987771484375 263.775
5.723962296875 235.6625
5.76396305859375 236.9375
5.8039632265625 239.6125
5.843978013671875 243.5375
5.883964853515625 275.2625
5.92397137890625 271.4625
5.96397101953125 235.7125
6.00397031640625 237.3875
6.043984638671875 239.2125
6.083992587890625 239.9375
6.1197413515625 273.4625
6.173975677734375 277.4375
6.20397733984375 235.6875
6.243997748046875 238.1375
6.283997267578125 237.7875
6.323983076171875 238.25
6.36397916796875 269.7125
6.403983287109375 278.4625
6.444000833984375 240.6125
6.4840030625 238.6
6.52398619140625 235.8625
6.563985755859375 238.1375
6.603988607421875 265.0125
6.643987158203125 278.2125
6.68399153515625 246.1875
6.723991234375 238.2375
6.773996376953125 235.275
6.803996080078125 238.55
6.844012841796875 259.0875
6.88399719140625 278.225
6.923998900390625 253.0
6.95976819140625 236.9
7.0040040234375 235.9125
7.04401953125 240.825
7.08400279296875 253.7875
7.12400329296875 277.3
7.164010650390625 258.65
7.2040098203125 236.2
7.244007228515625 235.7
7.284008611328125 239.625
7.324009802734375 247.0625
7.36401099609375 276.1625
7.404012669921875 267.0125
7.444037474609375 235.2375
7.484032880859375 236.725
7.524017052734375 239.9
7.564016662109375 242.1
7.59978742578125 276.3875
7.644021611328125 271.0
7.6840215390625 235.1625
7.7240251796875 237.475
7.76402365234375 239.2375
7.8040298671875 238.8625
7.844038009765625 273.0125
7.89403039453125 276.975
7.924030880859375 236.7875
7.96403313671875 238.45
8.004033333984376 237.75
8.04405146875 237.1625
8.0840372265625 270.0
8.12403745703125 278.4875
8.1640483671875 240.875
8.20404024609375 238.75
8.239837244140626 236.025
8.2840556484375 238.6
8.3240423359375 264.1
8.364044294921875 278.65
8.404048234375 245.225
8.444046177734375 238.7625
8.484044408203125 234.9875
8.524049498046875 238.8875
8.56404910546875 259.2625
8.604047578125 278.2125
8.644064978515624 254.8125
8.684071220703125 237.0875
8.724054224609375 235.3375
8.76405341015625 239.725
8.80406009765625 252.95
8.844058953125 277.4875
8.879826994140625 260.7625
8.924065423828125 236.725
8.964060330078125 234.875
9.0040616875 240.175
9.044079201171876 246.8
9.084066591796875 278.025
9.119834416015625 266.4625
9.164166451171875 236.1375
9.204071720703125 237.3875
9.24407506640625 238.875
9.2840750546875 239.9125
9.334072916015625 275.9
9.36410698828125 272.45
9.404076291015626 234.95
9.444096287109375 236.8375
9.484090384765626 238.6375
9.519846283203124 236.9875
9.5640825234375 271.5375
9.6040816171875 276.2625
9.644081837890624 235.55
9.68408536328125 236.775
9.724086482421875 236.7625
9.764084615234376 236.125
9.804089853515626 268.8125
9.844105318359375 276.375
9.884103400390625 241.9625
9.92409041015625 237.4125
9.964095603515625 234.85
10.004094171875 236.8625
10.044094291015625 263.0625
10.0840956640625 276.1625
10.12409773828125 248.4125
10.159866408203126 237.2
10.20409945703125 234.075
10.24411997265625 237.3875
10.284105080078126 257.9625
10.324106208984375 276.4125
10.364105890625 257.4625
10.40424109765625 236.075
10.4441251796875 234.25
10.484125740234376 238.8125
10.524111408203124 250.55
10.56411228125 276.975
10.59988005078125 261.375
10.64412665234375 237.7875
10.684132076171876 234.95
10.724117037109375 238.75
10.764115373046875 244.3625
10.804118005859374 275.8375
10.844120595703124 267.25
10.884120916015625 238.2125
10.92412144140625 235.4125
10.9641210390625 238.0875
11.004123041015625 239.4
11.04416932421875 276.075
11.084126970703124 274.6
11.12412662109375 235.8375
11.164126298828124 237.8375
11.204132294921875 238.8
11.284132779296876 256.23125
11.32413501171875 278.3625
11.364135466796874 237.0
11.404136865234374 239.075
11.444154201171875 237.2625
11.484148154296875 237.0625
11.52414198828125 266.7375
11.564139369140625 277.025
11.60414646875 244.4625
11.644150919921875 237.6125
11.69414901171875 234.9
11.724148501953126 237.425
11.764147138671875 262.5625
11.804148357421875 276.4375
11.844171564453125 248.9625
11.92415208984375 235.40625
11.964151771484374 238.2875
12.004155314453126 254.825
12.0441551875 275.9875
12.084158587890625 257.2375
12.124158244140625 236.5125
12.16415771875 234.625
12.204160248046875 238.4375
12.2441784140625 249.8
12.28416455859375 276.6625
12.364164607421875 252.68125
12.404167205078124 234.75
12.444184287109374 238.825
12.484180919921876 243.9375
12.52417911328125 275.575
12.5641706015625 269.4125
12.60417411328125 234.475
12.644179666015624 236.1
12.6841764921875 238.65
12.72417638671875 239.9375
12.76417846484375 274.65
12.804178484375 274.2
12.844200486328125 234.65
12.8941828046875 236.9
12.924182251953125 237.5875
12.9741867734375 236.7125
13.004186048828124 270.775
13.044234455078126 276.1
13.084202208984374 242.325
13.124190728515625 236.2625
13.204191408203124 236.075
13.24420994921875 264.7
13.284194890625 276.8875
13.324195650390624 244.8375
13.404198833984376 237.125
13.444215318359374 234.1
13.484199642578124 236.6625
13.52420183984375 261.575
13.564203236328124 276.8625
13.59997298828125 253.5625
13.644206640625 238.275
13.68420643359375 233.8625
13.724212509765625 237.5125
13.764211185546875 255.125
13.804224462890625 275.8875
13.844231025390625 259.5375
13.884224306640625 236.5125
13.9242138671875 234.2125
13.9642149765625 237.9125
14.0042183984375 249.0
14.044215611328125 275.3875
14.0842204140625 263.65
14.119988591796876 238.9625
14.174227541015625 236.4625
14.254239896484375 258.1375
14.32423105078125 268.9
14.36422923046875 234.575
14.40422690625 235.15
14.440022861328124 237.7
14.484234748046875 239.325
14.524233587890626 273.8625
14.56423257421875 273.9625
14.604235615234375 239.7375
14.64425137109375 236.2125
14.68425259375 236.9625
14.724237373046876 236.5375
14.76424122265625 270.35
14.804245095703125 276.5625
14.84424041015625 242.45
14.880012294921874 237.1875
14.924243224609375 235.525
14.964244638671875 236.7625
15.00424678515625 265.125
15.044269904296875 276.7375
15.0842767890625 246.2125
15.124255375 237.325
15.16425095703125 234.4
15.2042533515625 236.6
15.244257314453124 260.8
15.284254826171875 276.2
15.32425615234375 252.3375
15.36425747265625 236.325
15.404260484375 233.85
15.444284791015624 237.5875
15.48426145703125 253.4875
15.5342645234375 268.0875
15.604266404296874 237.5625
15.644307380859376 235.0
15.68428587890625 240.2875
15.720037755859375 249.225
15.76426996875 278.2125
15.804270990234375 262.6
15.84427405859375 235.6375
15.8842756328125 236.7375
15.924275033203125 239.7875
15.96427633984375 243.5875
16.00427687109375 275.75
16.044296921875 270.35
16.084298373046874 234.625
16.1242834375 236.6
16.164285021484375 238.625
16.20428526953125 239.425
16.244303771484375 274.6875
16.284294923828124 274.875
16.324290837890626 234.5375
16.36005764453125 237.125
16.404289861328124 237.4375
16.444291513671875 237.6
16.48429270703125 270.1
16.52429631640625 277.7375
16.56429532421875 238.9375
16.604298642578126 238.15
16.644305814453126 236.75
16.684300939453124 237.1625
16.724299689453126 265.7375
16.764305427734374 277.55
16.81430241796875 241.38125
16.8843195078125 235.1625
16.9243064453125 237.575
16.96430955078125 260.1125
17.0000779921875 277.3625
17.044313265625 251.25
17.0843135078125 235.725
17.134313126953124 235.175
17.20432069921875 253.275
17.244319259765625 274.7
17.2843210546875 260.7625
17.3243196875 238.45
17.36432284375 233.375
17.40432096875 237.7875
17.44434313671875 246.0625
17.484325578125 274.0875
17.52432659765625 264.3625
17.564327955078124 234.3625
17.604331611328124 234.9875
17.64012365234375 238.225
17.6843320703125 241.4375
17.724331541015626 274.85
17.76433373046875 270.5375
17.804332951171876 239.0375
17.844349 235.4625
17.880132375 238.025
17.92433922265625 237.9375
17.964339931640627 273.2
18.00434122265625 274.9625
18.044342921875 238.75
18.0943412421875 236.1125
18.164345744140626 236.15
18.204347609375 268.7125
18.24438483203125 276.875
18.284381083984375 242.0875
18.3243500234375 237.5875
18.36435170703125 235.3375
18.404355521484376 236.5625
18.444374755859375 265.075
18.484372189453126 276.4375
18.524355185546874 249.45
18.564358484375 237.6625
18.60436125 234.1375
18.644358453125 236.725
18.684359900390625 258.575
18.720130396484375 277.025
18.764364626953125 255.6
18.80436266796875 237.8
18.8443863203125 233.7
18.884381255859374 238.75
18.924371322265625 253.2875
18.964369333984376 276.45
19.00436979296875 261.7625
19.044383060546874 236.925
19.084373822265626 233.8625
19.120142984375 239.05
19.174374728515627 246.95
19.2043805390625 276.5125
19.24439097265625 266.2125
19.28439927734375 236.075
19.324383447265625 236.9875
19.360150109375 240.5
19.404383509765626 242.9625
19.444400490234376 277.3
19.484385806640624 271.4625
19.524390302734375 235.5875
19.56439044140625 238.05
19.60439041015625 239.725
19.64440266015625 239.0875
19.68439206640625 274.2
19.724396125 277.8375
19.7643922109375 236.375
19.81440072265625 239.05
19.84441058203125 238.125
19.884399375 238.3
19.924399845703125 270.65
19.96440385546875 279.6875
20.0012575234375 240.125
