#time(s) power(W)
0.043040697265625 152.0
0.083040689453125 319.0
0.123046107421875 320.0
0.163046861328125 261.0
0.203050068359375 263.0
0.24304909375 192.0
0.28304861328125 149.0
0.323054009765625 235.0
0.363054265625 262.0
0.40305543359375 321.0
0.438852654296875 321.0
0.48307596875 319.0
0.523062869140625 262.0
0.563058720703125 223.0
0.603058892578125 144.0
0.643062455078125 220.0
0.683061830078125 249.0
0.72306076171875 310.0
0.76306398046875 320.0
0.803079927734375 319.0
0.84306733984375 274.0
0.89307117578125 234.0
0.9230695859375 147.0
0.963068912109375 201.0
1.003092044921875 250.0
1.043089515625 297.0
1.078842166015625 320.0
1.123075904296875 319.0
1.163082076171875 274.0
1.20307774609375 244.0
1.2430819453125 153.0
1.283081505859375 171.0
1.32307911328125 253.0
1.36308253125 276.0
1.403086126953125 318.0
1.4430828203125 319.0
1.48308957421875 274.0
1.533087865234375 252.0
1.56309152734375 162.0
1.603092384765625 167.0
1.643092640625 252.0
1.683092908203125 265.0
1.723099185546875 318.0
1.76309797265625 319.0
1.803110240234375 262.0
1.84310055859375 261.0
1.88310090234375 171.0
1.9230987421875 162.0
1.97311174609375 246.0
2.00311796875 265.0
2.04312150390625 319.0
2.083103796875 319.0
2.12310673828125 261.0
2.163110416015625 261.0
2.20310978125 195.0
2.243124697265625 150.0
2.283125990234375 243.0
2.323112826171875 265.0
2.363113984375 316.0
2.403120259765625 321.0
2.4431181796875 319.0
2.48313664453125 274.0
2.5231533203125 219.0
2.563120244140625 148.0
2.61312401171875 224.0
2.643120595703125 255.0
2.683127146484375 318.0
2.72314275 321.0
2.763137982421875 319.0
2.798895990234375 275.0
2.84312954296875 235.0
2.89313080078125 144.0
2.92313585546875 204.0
2.96313182421875 259.0
3.0031496953125 314.0
3.04314509765625 320.0
3.083137998046875 319.0
3.12313812890625 274.0
3.163140884765625 237.0
3.2031418046875 147.0
3.23891009765625 185.0
3.283145509765625 256.0
3.323147791015625 294.0
3.3631454375 320.0
3.4031473046875 319.0
3.443151994140625 274.0
3.483228451171875 250.0
3.523153791015625 162.0
3.563149990234375 184.0
3.603151283203125 257.0
3.64315242578125 284.0
3.693154912109375 320.0
3.723175359375 320.0
3.763156244140625 263.0
3.803173501953125 253.0
3.843160923828125 169.0
3.8831622421875 161.0
3.92316203515625 256.0
3.963161982421875 272.0
4.003180849609375 318.0
4.043182125 319.0
4.08316730859375 262.0
4.118936546875 261.0
4.17316903125 195.0
4.203170537109375 151.0
4.243171982421875 238.0
4.28317355859375 262.0
4.323177828125 315.0
4.363180392578125 320.0
4.403177171875 298.0
4.443177681640625 275.0
4.48318126171875 200.0
4.52318248828125 147.0
4.563181521484375 220.0
4.6031803125 251.0
4.6431882578125 316.0
4.683191296875 320.0
4.723188033203125 319.0
4.758956193359375 276.0
4.803207716796875 222.0
4.84319026171875 144.0
4.883191853515625 217.0
4.92319393359375 251.0
4.96319865234375 314.0
5.003208833984375 320.0
5.043198982421875 319.0
5.083199294921875 273.0
5.123201986328125 231.0
5.163201091796875 144.0
5.20320457421875 203.0
5.2431996796875 254.0
5.283201568359375 299.0
5.323207982421875 320.0
5.363207703125 320.0
5.398975974609375 274.0
5.4432112734375 249.0
5.483227109375 160.0
5.52323091015625 180.0
5.563213 242.0
5.603212369140625 272.0
5.64321684375 319.0
5.683217294921875 320.0
5.723244193359375 274.0
5.763237826171875 251.0
5.80322240234375 165.0
5.8389895625 162.0
5.88322421484375 246.0
5.923221447265625 264.0
5.96324495703125 317.0
6.003245416015625 320.0
6.043257029296875 273.0
6.08323100390625 271.0
6.123231708984375 172.0
6.17323080078125 157.0
6.20323075390625 234.0
6.24325197265625 260.0
6.28325384765625 316.0
6.32323780078125 320.0
6.36323599609375 284.0
6.403242845703125 274.0
6.44324228125 197.0
6.4932598046875 147.0
6.523243154296875 216.0
6.56324375390625 257.0
6.603245470703125 314.0
6.64324714453125 318.0
6.679035755859375 316.0
6.723266349609375 273.0
6.763249783203125 224.0
6.803268798828125 148.0
6.843252046875 217.0
6.88325452734375 252.0
6.92325955078125 315.0
6.9632568984375 320.0
7.003258861328125 319.0
7.043271513671875 274.0
7.0832614453125 226.0
7.123260162109375 145.0
7.163264130859375 197.0
7.203262458984375 253.0
7.243264224609375 314.0
7.283265857421875 321.0
7.333270583984375 318.0
7.363266466796875 275.0
7.403271501953125 243.0
7.443271521484375 145.0
7.48327423046875 197.0
7.51904141796875 257.0
7.56328890234375 292.0
7.603280220703125 320.0
7.64327920703125 320.0
7.683281970703125 275.0
7.723281658203125 253.0
7.76328280078125 152.0
7.803298478515625 174.0
7.843286185546875 253.0
7.893282703125 278.0
7.92328918359375 320.0
7.9732987890625 320.0
8.003291859375 262.0
8.043311076171875 254.0
8.083289685546875 167.0
8.12329416015625 165.0
8.17329340234375 255.0
8.20329359375 273.0
8.2432949375 321.0
8.283453146484375 320.0
8.3233003515625 319.0
8.36330291796875 259.0
8.403302734375 188.0
8.443304177734374 152.0
8.48332691015625 256.0
8.5233228828125 273.0
8.5633044765625 321.0
8.60330605078125 320.0
8.64330967578125 263.0
8.683311357421875 262.0
8.7233240859375 206.0
8.763322296875 146.0
8.8133134921875 223.0
8.84331305859375 263.0
8.88331312890625 321.0
8.9233189140625 321.0
8.963317013671874 319.0
9.003318041015625 264.0
9.043343171875 227.0
9.08332062890625 144.0
9.119090958984374 222.0
9.163325291015624 261.0
9.203325439453126 321.0
9.25372988671875 320.0
9.2833314921875 319.0
9.323330892578126 263.0
9.363332095703125 226.0
9.4033317890625 144.0
9.439129181640626 202.0
9.483347900390624 262.0
9.5233395546875 308.0
9.563346716796875 320.0
9.6033365 320.0
9.643345728515625 263.0
9.68333894140625 244.0
9.72334174609375 152.0
9.763343509765624 183.0
9.80336078515625 261.0
9.843341708984376 287.0
9.883344119140625 321.0
9.9233488359375 320.0
9.96335040625 263.0
10.003349595703124 252.0
10.043369158203125 165.0
10.07912094140625 166.0
10.123351380859376 261.0
10.163352818359375 275.0
10.20335837890625 320.0
10.243374462890625 320.0
10.2833896953125 263.0
10.323359998046875 259.0
10.36336085546875 189.0
10.40336203125 152.0
10.4433638515625 253.0
10.48338059765625 266.0
10.533367107421874 317.0
10.5633668203125 321.0
10.603368822265624 275.0
10.643371646484376 263.0
10.683369208984375 193.0
10.7191399453125 151.0
10.763374810546875 230.0
10.80338989453125 266.0
10.8433725625 318.0
10.88337725390625 320.0
10.9233789453125 307.0
10.963377021484375 274.0
11.00337962109375 217.0
11.04340004296875 148.0
11.08338343359375 224.0
11.12338662109375 254.0
11.16338644140625 313.0
11.2033864375 321.0
11.243392181640624 320.0
11.28339186328125 264.0
11.3233902109375 225.0
11.373392103515625 145.0
11.403395298828125 197.0
11.4433941953125 252.0
11.483397052734375 300.0
11.523397859375 320.0
11.559166287109376 319.0
11.603397271484376 275.0
11.643399796875 242.0
11.68340494140625 153.0
11.723417595703125 194.0
11.763433548828125 247.0
11.80340312109375 286.0
11.843407251953124 320.0
11.88341037890625 319.0
11.923409185546875 274.0
11.963425353515625 252.0
12.003439705078126 171.0
12.04341230859375 177.0
12.0834146875 245.0
12.123413470703126 276.0
12.163414783203125 320.0
12.2134407265625 319.0
12.24341560546875 274.0
12.283420388671875 254.0
12.32341958984375 169.0
12.36342176953125 163.0
12.39919151171875 163.0
12.443423470703125 267.0
12.483426853515626 319.0
12.523425875 320.0
12.56342649609375 274.0
12.60343131640625 260.0
12.64343056640625 195.0
12.6834296328125 161.0
12.72343377734375 242.0
12.763452623046875 268.0
12.80344723828125 319.0
12.853439859375 320.0
12.89367691015625 297.0
12.9234380078125 263.0
12.96346175 204.0
13.00345601953125 147.0
13.043442205078126 220.0
13.083445263671875 256.0
13.123443658203126 319.0
13.1634467265625 321.0
13.20344392578125 320.0
13.243445189453125 264.0
13.28344808203125 233.0
13.32344898828125 145.0
13.36344873046875 210.0
13.403448599609375 255.0
13.443452576171875 316.0
13.49347070703125 321.0
13.523454208984376 320.0
13.5634581953125 276.0
13.603456984375 241.0
13.6434567421875 144.0
13.6792434375 144.0
13.7234763359375 256.0
13.7634771796875 296.0
13.8034814375 322.0
13.84346843359375 320.0
13.88346673046875 274.0
13.923469271484375 246.0
13.963465849609374 154.0
14.00346628125 190.0
14.0434834453125 255.0
14.083468939453125 281.0
14.119239169921874 281.0
14.173473095703125 320.0
14.2034786640625 263.0
14.24348781640625 257.0
14.283485912109375 160.0
14.319245224609375 160.0
14.363481408203125 258.0
14.4034774453125 273.0
14.44348183203125 320.0
14.483497708984375 321.0
14.523483763671875 263.0
14.56348708984375 261.0
14.603483546875 171.0
14.643486732421875 171.0
14.683490373046874 157.0
14.72348954296875 247.0
14.763500166015625 269.0
14.80350521875 319.0
14.84349225390625 320.0
14.8834967734375 273.0
14.923495123046875 262.0
14.959262603515626 210.0
15.003497603515624 151.0
15.0435095234375 234.0
15.083591259765624 259.0
15.123497953125 320.0
15.1635036015625 321.0
15.203503107421875 320.0
15.2435032578125 263.0
15.283506669921875 220.0
15.323502697265624 147.0
15.363506685546875 224.0
15.403506388671875 262.0
15.44351188671875 318.0
15.483512314453124 321.0
15.52351362109375 319.0
15.563509947265626 265.0
15.599281025390624 233.0
15.643515560546875 144.0
15.68351465234375 188.0
15.723517568359375 263.0
15.76353484765625 305.0
15.80352927734375 321.0
15.843522986328125 319.0
15.883521123046876 263.0
15.923522884765624 245.0
15.96352194921875 153.0
16.003548072265627 192.0
16.05352555859375 283.0
16.08352490625 283.0
16.12353108984375 321.0
16.1635314609375 320.0
16.203529638671874 263.0
16.24356169921875 254.0
16.283551458984373 169.0
16.323534529296875 176.0
16.363537125 261.0
16.403538494140626 283.0
16.44353715625 321.0
16.4935576796875 263.0
16.523539373046876 263.0
16.56353933984375 258.0
16.603539705078123 183.0
16.643540287109374 165.0
16.679310751953125 255.0
16.72356298828125 269.0
16.7635609140625 319.0
16.803562771484376 321.0
16.843546173828123 274.0
16.883550005859377 262.0
16.92354908984375 199.0
16.963550412109374 155.0
17.003567408203125 239.0
17.043576474609374 270.0
17.08355548046875 319.0
17.123553490234375 320.0
17.163557109375 307.0
17.203556767578124 262.0
17.243557435546876 213.0
17.283558541015626 151.0
17.3335603125 258.0
17.363562802734375 258.0
17.403563408203127 318.0
17.443565205078126 320.0
17.4835624609375 320.0
17.519335001953124 264.0
17.563567884765625 229.0
17.6035721640625 144.0
17.643569783203127 196.0
17.683572875 257.0
17.723574072265624 318.0
17.76357634375 321.0
17.803592099609375 320.0
17.843576583984376 263.0
17.8935775078125 148.0
17.923579203125 148.0
17.9635786875 187.0
18.00359909375 260.0
18.04359482421875 296.0
18.083586955078125 320.0
18.12358669921875 320.0
18.163584185546874 263.0
18.203587248046876 255.0
18.24358497265625 153.0
18.283588658203126 174.0
18.323591001953126 258.0
18.363590857421876 282.0
18.403588251953124 320.0
18.443594625 321.0
18.483594849609375 264.0
18.5235948359375 259.0
18.5635970078125 183.0
18.613600234375 253.0
18.64359662890625 253.0
18.6835993359375 270.0
18.723598814453126 320.0
18.76360111328125 321.0
18.79937041796875 263.0
18.843605810546876 261.0
18.883604408203126 194.0
18.923605599609374 157.0
18.963608412109377 248.0
19.00362490625 270.0
19.04363087109375 320.0
19.083610224609377 321.0
19.119379396484376 285.0
19.163611330078126 262.0
19.203614970703125 208.0
19.253635376953124 235.0
19.283618818359376 235.0
19.319384896484376 260.0
19.363616072265625 317.0
19.39938723828125 320.0
19.439417091796876 319.0
19.479418412109375 263.0
19.523648478515625 220.0
19.563625376953127 144.0
19.603625443359373 229.0
19.6393938125 260.0
19.684040185546873 319.0
19.719424669921874 321.0
19.759397236328127 319.0
19.80362958203125 264.0
19.843630513671876 231.0
19.8836340546875 145.0
19.923634888671874 195.0
19.963657576171876 261.0
19.999646296875 298.0
