#time(s) power(W)
0.043040697265625 239.4
0.083040689453125 260.6875
0.123046107421875 278.325
0.163046861328125 275.625
0.203050068359375 236.1875
0.24304909375 239.425
0.28304861328125 236.2875
0.323054009765625 240.0
0.363054265625 237.4875
0.40305543359375 258.6625
0.438852654296875 277.8125
0.48307596875 279.4125
0.523062869140625 240.175
0.563058720703125 237.4125
0.603058892578125 236.0375
0.643062455078125 237.6625
0.683061830078125 235.6625
0.72306076171875 248.0375
0.76306398046875 274.1875
0.803079927734375 276.6375
0.84306733984375 251.825
0.89307117578125 238.8375
0.9230695859375 234.9125
0.963068912109375 234.5375
1.003092044921875 236.95
1.043089515625 242.9125
1.078842166015625 272.7875
1.123075904296875 276.0875
1.163082076171875 257.7125
1.20307774609375 238.075
1.2430819453125 236.825
1.283081505859375 232.925
1.32307911328125 238.6625
1.36308253125 237.6
1.403086126953125 271.425
1.4430828203125 276.2
1.48308957421875 262.8375
1.533087865234375 239.1625
1.56309152734375 238.1625
1.603092384765625 232.125
1.643092640625 239.4375
1.683092908203125 235.2375
1.723099185546875 269.25
1.76309797265625 276.0375
1.803110240234375 267.2375
1.84310055859375 238.3
1.88310090234375 238.725
1.9230987421875 233.6
1.97311174609375 239.3125
2.00311796875 235.775
2.04312150390625 263.2875
2.083103796875 275.4
2.12310673828125 271.3875
2.163110416015625 238.825
2.20310978125 238.3
2.243124697265625 233.4125
2.283125990234375 238.325
2.323112826171875 234.975
2.363113984375 259.275
2.403120259765625 275.55
2.4431181796875 277.075
2.48313664453125 244.3
2.5231533203125 236.8875
2.563120244140625 234.8625
2.61312401171875 236.9625
2.643120595703125 236.1
2.683127146484375 252.15
2.72314275 274.9875
2.763137982421875 277.375
2.798895990234375 249.8
2.84312954296875 238.275
2.89313080078125 235.475
2.92313585546875 236.025
2.96313182421875 236.2625
3.0031496953125 247.1125
3.04314509765625 275.0875
3.083137998046875 278.2
3.12313812890625 254.8125
3.163140884765625 235.4375
3.2031418046875 237.2875
3.23891009765625 234.7875
3.283145509765625 239.0625
3.323147791015625 242.075
3.3631454375 273.7875
3.4031473046875 277.8875
3.443151994140625 261.0875
3.483228451171875 234.2125
3.523153791015625 238.8
3.563149990234375 234.2875
3.603151283203125 240.8875
3.64315242578125 237.4125
3.693154912109375 272.4
3.723175359375 277.9875
3.763156244140625 263.475
3.803173501953125 234.2875
3.843160923828125 238.65
3.8831622421875 233.675
3.92316203515625 240.3875
3.963161982421875 236.6375
4.003180849609375 267.65
4.043182125 277.525
4.08316730859375 271.6
4.118936546875 235.475
4.17316903125 238.4375
4.203170537109375 232.9375
4.243171982421875 238.075
4.28317355859375 234.9625
4.323177828125 259.5125
4.363180392578125 273.825
4.403177171875 275.0375
4.443177681640625 242.725
4.48318126171875 238.525
4.52318248828125 233.0125
4.563181521484375 236.8875
4.6031803125 234.35
4.6431882578125 254.525
4.683191296875 274.1875
4.723188033203125 276.475
4.758956193359375 246.1125
4.803207716796875 237.7125
4.84319026171875 233.525
4.883191853515625 236.025
4.92319393359375 235.6125
4.96319865234375 248.2
5.003208833984375 273.8125
5.043198982421875 276.8125
5.083199294921875 253.875
5.123201986328125 238.75
5.163201091796875 235.725
5.20320457421875 233.9125
5.2431996796875 237.2875
5.283201568359375 242.6625
5.323207982421875 274.3
5.363207703125 276.0125
5.398975974609375 257.2375
5.4432112734375 238.3125
5.483227109375 234.55
5.52323091015625 231.575
5.563213 236.6125
5.603212369140625 236.05
5.64321684375 269.4
5.683217294921875 273.9125
5.723244193359375 264.6125
5.763237826171875 239.725
5.80322240234375 236.1
5.8389895625 231.0125
5.88322421484375 237.275
5.923221447265625 234.6125
5.96324495703125 266.7875
6.003245416015625 274.1875
6.043257029296875 269.575
6.08323100390625 239.925
6.123231708984375 236.6625
6.17323080078125 231.5375
6.20323075390625 237.1125
6.24325197265625 233.4125
6.28325384765625 261.4625
6.32323780078125 273.95
6.36323599609375 272.95
6.403242845703125 241.6625
6.44324228125 237.5125
6.4932598046875 231.475
6.523243154296875 236.5125
6.56324375390625 233.6375
6.603245470703125 258.4625
6.64324714453125 273.7125
6.679035755859375 274.525
6.723266349609375 244.4375
6.763249783203125 237.5875
6.803268798828125 234.2375
6.843252046875 235.925
6.88325452734375 235.75
6.92325955078125 251.925
6.9632568984375 275.125
7.003258861328125 276.5
7.043271513671875 249.9
7.0832614453125 237.675
7.123260162109375 235.7125
7.163264130859375 235.2625
7.203262458984375 237.3875
7.243264224609375 246.1375
7.283265857421875 274.2625
7.333270583984375 277.175
7.363266466796875 255.9875
7.403271501953125 237.4875
7.443271521484375 236.525
7.48327423046875 233.5
7.51904141796875 238.7125
7.56328890234375 241.3125
7.603280220703125 272.975
7.64327920703125 278.15
7.683281970703125 260.775
7.723281658203125 235.6125
7.76328280078125 237.65
7.803298478515625 233.6625
7.843286185546875 239.5875
7.893282703125 238.0875
7.92328918359375 271.2
7.9732987890625 278.3875
8.003291859375 263.9375
8.043311076171875 235.4
8.083289685546875 240.675
8.12329416015625 235.075
8.17329340234375 241.8375
8.20329359375 237.6125
8.2432949375 269.125
8.283453146484375 279.3875
8.3233003515625 273.4
8.36330291796875 237.4625
8.403302734375 239.95
8.443304177734374 235.825
8.48332691015625 241.075
8.5233228828125 237.9625
8.5633044765625 262.7625
8.60330605078125 278.3125
8.64330967578125 276.15
8.683311357421875 236.65
8.7233240859375 239.225
8.763322296875 236.3875
8.8133134921875 239.4125
8.84331305859375 237.9
8.88331312890625 257.9375
8.9233189140625 277.5
8.963317013671874 278.825
9.003318041015625 241.05
9.043343171875 238.35
9.08332062890625 237.15
9.119090958984374 238.375
9.163325291015624 238.975
9.203325439453126 249.6625
9.25372988671875 278.15
9.2833314921875 279.2125
9.323330892578126 247.5875
9.363332095703125 236.625
9.4033317890625 239.3625
9.439129181640626 236.8125
9.483347900390624 241.425
9.5233395546875 244.825
9.563346716796875 278.0375
9.6033365 279.6
9.643345728515625 255.4
9.68333894140625 235.8125
9.72334174609375 240.6
9.763343509765624 235.475
9.80336078515625 241.8
9.843341708984376 240.4
9.883344119140625 274.7625
9.9233488359375 279.375
9.96335040625 262.9
10.003349595703124 235.0625
10.043369158203125 241.1125
10.07912094140625 234.65
10.123351380859376 242.625
10.163352818359375 237.9375
10.20335837890625 272.55
10.243374462890625 279.2125
10.2833896953125 268.3875
10.323359998046875 234.975
10.36336085546875 241.2875
10.40336203125 235.125
10.4433638515625 242.275
10.48338059765625 233.725
10.533367107421874 264.0125
10.5633668203125 276.425
10.603368822265624 273.7
10.643371646484376 241.975
10.683369208984375 237.7875
10.7191399453125 233.95
10.763374810546875 238.2875
10.80338989453125 236.15
10.8433725625 258.7
10.88337725390625 276.45
10.9233789453125 276.425
10.963377021484375 243.2125
11.00337962109375 237.1625
11.04340004296875 235.225
11.08338343359375 237.1125
11.12338662109375 236.8625
11.16338644140625 252.2625
11.2033864375 274.6375
11.243392181640624 277.4375
11.28339186328125 250.25
11.3233902109375 236.2375
11.373392103515625 236.0875
11.403395298828125 235.9
11.4433941953125 237.0375
11.483397052734375 245.3625
11.523397859375 274.425
11.559166287109376 276.8
11.603397271484376 256.625
11.643399796875 238.575
11.68340494140625 237.575
11.723417595703125 232.325
11.763433548828125 237.55
11.80340312109375 238.5125
11.843407251953124 272.0375
11.88341037890625 275.2
11.923409185546875 260.55
11.963425353515625 239.5875
12.003439705078126 236.975
12.04341230859375 231.725
12.0834146875 238.3625
12.123413470703126 235.425
12.163414783203125 268.6375
12.2134407265625 275.125
12.24341560546875 263.8125
12.283420388671875 240.6375
12.32341958984375 237.9
12.36342176953125 232.5625
12.443423470703125 237.3125
12.483426853515626 266.7125
12.523425875 276.825
12.56342649609375 271.425
12.60343131640625 241.475
12.64343056640625 238.925
12.6834296328125 233.8125
12.72343377734375 238.7375
12.763452623046875 234.8375
12.80344723828125 260.85
12.853439859375 276.825
12.89367691015625 276.6625
12.9234380078125 241.4125
12.96346175 237.65
13.00345601953125 235.1125
13.043442205078126 237.9125
13.083445263671875 236.9125
13.123443658203126 255.3625
13.1634467265625 276.7125
13.20344392578125 277.8875
13.243445189453125 242.5375
13.28344808203125 236.6625
13.32344898828125 236.075
13.36344873046875 236.7125
13.403448599609375 238.5625
13.443452576171875 248.425
13.49347070703125 277.025
13.523454208984376 277.7875
13.5634581953125 251.15
13.603456984375 237.85
13.6434567421875 237.7
13.7234763359375 237.41875
13.7634771796875 242.175
13.8034814375 275.6375
13.84346843359375 278.0
13.88346673046875 257.0625
13.923469271484375 237.6625
13.963465849609374 239.1625
14.00346628125 234.25
14.0434834453125 240.6
14.083468939453125 238.7125
14.173473095703125 275.41875
14.2034786640625 258.1875
14.24348781640625 233.9875
14.283485912109375 239.8625
14.363481408203125 238.04375
14.4034774453125 236.45
14.44348183203125 268.6
14.483497708984375 278.0375
14.523483763671875 271.325
14.56348708984375 234.75
14.603483546875 239.875
14.683490373046874 234.3625
14.72348954296875 240.225
14.763500166015625 237.5
14.80350521875 265.0375
14.84349225390625 277.9875
14.8834967734375 275.55
14.923495123046875 235.975
14.959262603515626 238.7
15.003497603515624 235.625
15.0435095234375 239.275
15.083591259765624 237.25
15.123497953125 257.775
15.1635036015625 279.025
15.203503107421875 279.3
15.2435032578125 240.8625
15.283506669921875 238.1125
15.323502697265624 237.025
15.363506685546875 238.5375
15.403506388671875 238.95
15.44351188671875 251.1625
15.483512314453124 277.7125
15.52351362109375 278.7625
15.563509947265626 246.825
15.599281025390624 236.7875
15.643515560546875 238.275
15.68351465234375 236.5
15.723517568359375 240.8625
15.76353484765625 245.425
15.80352927734375 276.3125
15.843522986328125 279.4875
15.883521123046876 254.3125
15.923522884765624 236.175
15.96352194921875 239.5125
16.003548072265627 235.55
16.05352555859375 241.14375
16.12353108984375 274.3125
16.1635314609375 279.3125
16.203529638671874 260.4625
16.24356169921875 235.0625
16.283551458984373 240.1375
16.323534529296875 234.9125
16.363537125 241.725
16.403538494140626 238.3875
16.44353715625 272.125
16.4935576796875 273.3375
16.56353933984375 235.1875
16.603539705078123 240.6375
16.643540287109374 234.6625
16.679310751953125 241.625
16.72356298828125 235.8375
16.7635609140625 264.5625
16.803562771484376 278.0125
16.843546173828123 274.9625
16.883550005859377 238.7875
16.92354908984375 239.075
16.963550412109374 234.4
17.003567408203125 239.1
17.043576474609374 236.5
17.08355548046875 259.45
17.123553490234375 277.4375
17.163557109375 277.0625
17.203556767578124 238.2625
17.243557435546876 238.0625
17.283558541015626 237.2125
17.3335603125 237.93125
17.403563408203127 253.1125
17.443565205078126 276.175
17.4835624609375 278.9
17.519335001953124 245.875
17.563567884765625 236.775
17.6035721640625 236.75
17.643569783203127 236.1625
17.683572875 238.9875
17.723574072265624 247.2875
17.76357634375 276.575
17.803592099609375 279.25
17.843576583984376 251.1375
17.8935775078125 237.09375
17.9635786875 235.3875
18.00359909375 240.8375
18.04359482421875 241.95
18.083586955078125 275.45
18.12358669921875 278.7
18.163584185546874 258.625
18.203587248046876 234.3875
18.24358497265625 239.625
18.283588658203126 234.75
18.323591001953126 240.9
18.363590857421876 237.975
18.403588251953124 271.5375
18.443594625 278.05
18.483594849609375 265.9625
18.5235948359375 234.3875
18.5635970078125 240.3375
18.613600234375 237.6125
18.6835993359375 237.0125
18.723598814453126 267.4125
18.76360111328125 277.575
18.79937041796875 272.1
18.843605810546876 234.7
18.883604408203126 239.45
18.923605599609374 234.3625
18.963608412109377 241.3375
19.00362490625 235.9875
19.04363087109375 262.3125
19.083610224609377 278.1
19.119379396484376 277.5125
19.163611330078126 236.2625
19.203614970703125 238.5125
19.253635376953124 237.39375
19.319384896484376 236.9375
19.363616072265625 257.1375
19.39938723828125 276.8
19.439417091796876 279.6375
19.479418412109375 242.025
19.523648478515625 237.3375
19.563625376953127 237.15
19.603625443359373 238.1375
19.6393938125 238.9625
19.684040185546873 249.3625
19.719424669921874 277.0875
19.759397236328127 279.9375
19.80362958203125 250.25
19.843630513671876 236.6
19.8836340546875 239.3125
19.923634888671874 236.1125
19.963657576171876 240.8375
19.999646296875 243.4125
