#time(s) power(W)
0.0431808828125 254.0
0.083178984375 265.0
0.12318009765625 269.0
0.163182533203125 274.0
0.20320777734375 265.0
0.2431872578125 199.0
0.283187294921875 252.0
0.323192978515625 264.0
0.363201501953125 267.0
0.403188642578125 276.0
0.443197869140625 269.0
0.483192478515625 199.0
0.523219427734375 248.0
0.563196109375 265.0
0.60319450390625 267.0
0.643200296875 276.0
0.68321431640625 275.0
0.723199056640625 208.0
0.763207962890625 242.0
0.798971857421875 265.0
0.84321994140625 268.0
0.88321303125 276.0
0.923208771484375 278.0
0.963210484375 209.0
1.003206935546875 240.0
1.043213560546875 264.0
1.083211109375 267.0
1.123218525390625 278.0
1.16321390234375 282.0
1.203236365234375 210.0
1.238985380859375 237.0
1.283219875 265.0
1.3232213359375 267.0
1.36323822265625 278.0
1.403223087890625 284.0
1.443224751953125 211.0
1.483227822265625 238.0
1.523325044921875 264.0
1.563226921875 266.0
1.60322806640625 267.0
1.64322822265625 300.0
1.68324271875 210.0
1.723229630859375 215.0
1.763235724609375 265.0
1.803235080078125 267.0
1.843253166015625 268.0
1.8932401953125 291.0
1.923236517578125 210.0
1.963238998046875 215.0
2.00324416015625 262.0
2.04324415234375 267.0
2.07901104296875 268.0
2.123246287109375 289.0
2.173251873046875 209.0
2.2032503671875 216.0
2.2432471484375 262.0
2.283253826171875 265.0
2.323252716796875 268.0
2.363249744140625 283.0
2.403251734375 210.0
2.44325461328125 221.0
2.483253443359375 262.0
2.533271267578125 265.0
2.563258359375 270.0
2.603258162109375 283.0
2.643260681640625 235.0
2.683278833984375 218.0
2.719031041015625 262.0
2.763265640625 265.0
2.803265365234375 268.0
2.843281904296875 283.0
2.89326644140625 234.0
2.9232699609375 225.0
2.9632735390625 263.0
3.00327349609375 266.0
3.043284390625 269.0
3.0832738203125 272.0
3.133276275390625 231.0
3.1732843984375 206.0
3.203284134765625 254.0
3.24328188671875 265.0
3.28328208203125 268.0
3.3232836796875 280.0
3.359050515625 230.0
3.40328212109375 208.0
3.443282134765625 255.0
3.48328614453125 265.0
3.5233016015625 268.0
3.563292376953125 282.0
3.603291765625 232.0
3.643293546875 205.0
3.683313828125 255.0
3.723293287109375 265.0
3.763293841796875 268.0
3.79906414453125 268.0
3.843311486328125 257.0
3.8833006875 202.0
3.92329805859375 253.0
3.9633025390625 264.0
4.003302578125 268.0
4.043311595703125 272.0
4.083308103515625 260.0
4.1190740859375 260.0
4.173313744140625 252.0
4.203314169921875 264.0
4.253312609375 267.0
4.283311693359375 272.0
4.32330915234375 261.0
4.36333265625 199.0
4.40331427734375 253.0
4.439084150390625 253.0
4.4833154609375 267.0
4.523335435546875 272.0
4.56331978515625 259.0
4.60332508984375 199.0
4.643323404296875 255.0
4.683340140625 265.0
4.7233265859375 266.0
4.76332405078125 277.0
4.80333219921875 256.0
4.843340052734375 197.0
4.893330423828125 239.0
4.923329806640625 264.0
4.963333521484375 267.0
5.00333426171875 276.0
5.0433451015625 278.0
5.083338111328125 207.0
5.123338130859375 240.0
5.163338087890625 264.0
5.203348912109375 267.0
5.243341771484375 275.0
5.283340302734375 275.0
5.323342630859375 206.0
5.363355037109375 241.0
5.403344916015625 264.0
5.443347087890625 267.0
5.483345853515625 276.0
5.533369947265625 279.0
5.56335020703125 210.0
5.6033519375 239.0
5.643358552734375 263.0
5.683370853515625 267.0
5.719123541015625 267.0
5.76335533203125 285.0
5.803358544921875 210.0
5.843376052734375 236.0
5.8833596015625 264.0
5.923359712890625 266.0
5.96336344140625 268.0
6.00336906640625 286.0
6.043388244140625 211.0
6.083367501953125 211.0
6.123366220703125 211.0
6.173369384765625 266.0
6.203390333984375 266.0
6.243372662109375 267.0
6.2833718984375 277.0
6.323376673828125 214.0
6.3591432265625 231.0
6.403376564453125 263.0
6.4433793515625 266.0
6.483379853515625 268.0
6.52339431640625 269.0
6.563382732421875 214.0
6.60357286328125 211.0
6.64338537109375 264.0
6.683421138671875 266.0
6.72338850390625 269.0
6.763388486328125 271.0
6.803387740234375 214.0
6.843401033203125 214.0
6.883390291015625 264.0
6.923391447265625 265.0
6.963393921875 269.0
7.013412681640625 219.0
7.0434063125 219.0
7.0833989375 210.0
7.13339675 265.0
7.16341040234375 265.0
7.203433310546875 268.0
7.24340726953125 288.0
7.28340485546875 226.0
7.323405169921875 209.0
7.363418541015625 253.0
7.403408212890625 265.0
7.443409267578125 269.0
7.48341215234375 279.0
7.523429611328125 231.0
7.563412853515625 205.0
7.603413080078125 263.0
7.653414845703125 268.0
7.683428181640625 268.0
7.72341797265625 276.0
7.76341994921875 241.0
7.803419578125 201.0
7.83918908203125 258.0
7.893502107421875 268.0
7.923428146484375 268.0
7.963424298828125 280.0
8.00342916796875 251.0
8.043426837890625 206.0
8.083427794921874 255.0
8.1234275390625 264.0
8.1634295625 269.0
8.203450080078126 282.0
8.243435595703126 259.0
8.279202841796875 204.0
8.323436005859374 253.0
8.36345693359375 264.0
8.403437341796876 267.0
8.44343711328125 273.0
8.4834468984375 238.0
8.523458267578125 199.0
8.5634423828125 249.0
8.603445455078125 263.0
8.643450470703126 267.0
8.68346694921875 272.0
8.733447166015624 201.0
8.763449130859374 201.0
8.80344803125 248.0
8.843465318359375 264.0
8.8834517578125 268.0
8.9234556875 274.0
8.963456712890626 249.0
9.003454736328125 200.0
9.043457232421876 245.0
9.083460525390626 265.0
9.119228166015626 266.0
9.173467685546875 256.0
9.20346690625 256.0
9.243465439453125 197.0
9.28346803515625 237.0
9.323465048828124 264.0
9.363495265625 266.0
9.403473603515625 277.0
9.44347147265625 261.0
9.48347113671875 198.0
9.52348883203125 233.0
9.56347311328125 264.0
9.603477197265626 266.0
9.643478171875 278.0
9.683477123046876 265.0
9.723481005859375 196.0
9.763478537109375 233.0
9.81348280078125 267.0
9.843495259765625 267.0
9.883482638671875 279.0
9.923483556640624 287.0
9.963484658203125 213.0
9.9992803203125 233.0
10.043489890625 264.0
10.083488138671875 265.0
10.133495515625 288.0
10.1634933046875 288.0
10.203502671875 213.0
10.24349506640625 230.0
10.2834986015625 264.0
10.323501513671875 264.0
10.363508890625 278.0
10.403501796875 281.0
10.43926895703125 200.0
10.483503400390624 224.0
10.523523205078124 264.0
10.56350898046875 265.0
10.603506248046875 267.0
10.643510494140624 285.0
10.683522501953124 206.0
10.72350931640625 220.0
10.763508921875 262.0
10.80351197265625 266.0
10.843525388671875 268.0
10.88351262890625 278.0
10.9235135625 230.0
10.963516220703125 222.0
11.0035200234375 262.0
11.043529029296876 265.0
11.093523060546875 279.0
11.133524919921875 229.0
11.1635230390625 229.0
11.203524177734375 225.0
11.243528548828126 262.0
11.28352872265625 265.0
11.323528546875 267.0
11.36354708203125 279.0
11.403531708984374 230.0
11.44352984765625 223.0
11.483532994140624 262.0
11.523547599609374 265.0
11.563534591796875 268.0
11.603535078125 268.0
11.643538841796875 229.0
11.683548025390625 207.0
11.719308822265624 262.0
11.763545380859375 265.0
11.803543005859375 268.0
11.843557875 268.0
11.883546701171875 227.0
11.923547646484375 208.0
11.9635483359375 263.0
12.0035515078125 264.0
12.04356921875 268.0
12.08355323828125 270.0
12.123551982421874 255.0
12.159352677734375 206.0
12.203558275390625 254.0
12.243715634765625 264.0
12.28355731640625 269.0
12.32355867578125 282.0
12.363590298828125 259.0
12.403561517578124 204.0
12.443559830078126 252.0
12.4835625625 264.0
12.52358379296875 269.0
12.563568666015625 285.0
12.603568912109376 239.0
12.643572314453126 199.0
12.683587982421875 246.0
12.723569873046875 264.0
12.763572572265625 267.0
12.813577279296876 269.0
12.843589865234375 251.0
12.89357390625 199.0
12.92357818359375 255.0
12.963578283203125 263.0
12.9993774375 267.0
13.043594931640625 271.0
13.083584146484375 258.0
13.123820130859375 198.0
13.16358546484375 253.0
13.2035893046875 265.0
13.243587099609375 267.0
13.28358894140625 273.0
13.32359092578125 263.0
13.3636104609375 197.0
13.40359408203125 249.0
13.453596298828124 264.0
13.483595328125 265.0
13.523611990234375 274.0
13.56360071484375 270.0
13.603595640625 201.0
13.6393906171875 246.0
13.683617013671874 264.0
13.72360180859375 266.0
13.7636081875 275.0
13.803604138671876 274.0
13.84361858203125 196.0
13.8836091015625 241.0
13.92360669140625 264.0
13.96361074609375 266.0
14.003612521484374 275.0
14.043629140625 273.0
14.083612041015625 198.0
14.119382630859375 244.0
14.16361973828125 263.0
14.2036335078125 248.0
14.243619265625 279.0
14.279387015625 277.0
14.3236221328125 209.0
14.363639091796875 222.0
14.40362252734375 263.0
14.443626935546876 267.0
14.483629080078124 279.0
14.523650390625 280.0
14.563626962890625 207.0
14.603629814453125 219.0
14.643628869140626 265.0
14.683647103515625 266.0
14.733631259765625 268.0
14.76363712890625 270.0
14.80363987109375 209.0
14.8436500703125 217.0
14.883637689453124 264.0
14.91940724609375 266.0
14.96363834765625 268.0
15.003644189453125 271.0
15.04365353515625 207.0
15.08364341796875 218.0
15.12364873046875 262.0
15.163645994140625 266.0
15.20366979296875 268.0
15.24365134375 277.0
15.283654845703126 226.0
15.3236526171875 205.0
15.363674677734375 262.0
15.40365332421875 265.0
15.4436566171875 269.0
15.4836576484375 277.0
15.523672150390626 227.0
15.55942727734375 227.0
15.60366194921875 262.0
15.643663763671874 264.0
15.683680240234375 280.0
15.723664748046875 281.0
15.763663890625 231.0
15.80366501171875 220.0
15.843678666015625 261.0
15.88367287890625 264.0
15.923672734375 268.0
15.963673810546876 274.0
15.99946567578125 239.0
16.043676505859374 213.0
16.08367913671875 258.0
16.123675244140625 264.0
16.163681837890625 268.0
16.203690970703125 276.0
16.243682265625 221.0
16.283680189453126 210.0
16.323688521484375 254.0
16.363695912109375 264.0
16.403690705078127 268.0
16.439453849609375 279.0
16.483689654296874 227.0
16.5236999140625 208.0
16.563687017578125 256.0
16.603689701171874 264.0
16.643696296875 268.0
16.683705513671875 279.0
16.7236937578125 224.0
16.763697875 201.0
16.803695796875 255.0
16.843708439453124 264.0
16.893700673828125 267.0
16.92369791796875 269.0
16.963703173828126 249.0
17.00370258203125 199.0
17.043706806640625 257.0
17.083707376953125 264.0
17.13371061328125 268.0
17.163709224609374 269.0
17.203728205078125 251.0
17.243713015625 199.0
17.2837113203125 256.0
17.323712462890626 263.0
17.363730046875 267.0
17.40371675 271.0
17.44371605859375 255.0
17.4837222421875 199.0
17.53372295703125 255.0
17.56371883984375 264.0
17.6037208359375 268.0
17.64372711328125 276.0
17.683745099609375 253.0
17.723727912109375 199.0
17.76372523828125 241.0
17.803731884765625 264.0
17.843744173828124 268.0
17.893730712890626 276.0
17.923730869140623 250.0
17.9637337578125 206.0
18.003733763671875 244.0
18.043737396484374 264.0
18.08374112109375 266.0
18.123739595703125 275.0
18.16373997265625 274.0
18.2037590546875 202.0
18.243744525390625 245.0
18.283746703125 264.0
18.32374437890625 266.0
18.363779982421875 275.0
18.403746904296874 272.0
18.4437613828125 202.0
18.48375289453125 244.0
18.523770697265626 264.0
18.56375306640625 266.0
18.603752810546876 275.0
18.643750234375 291.0
18.6837731171875 203.0
18.724018009765626 223.0
18.763757244140624 264.0
18.79952719921875 266.0
18.843767046875 278.0
18.883779091796875 291.0
18.9237611796875 205.0
18.96376294140625 222.0
19.00376620703125 264.0
19.043774732421873 266.0
19.0837643046875 267.0
19.119536353515624 283.0
19.163769591796875 202.0
19.203785412109376 222.0
19.2437747734375 263.0
19.283771462890623 265.0
19.323777591796876 267.0
19.363794880859373 280.0
19.403776267578124 225.0
19.453780421875 224.0
19.483779947265624 263.0
19.523794837890627 264.0
19.563783556640626 267.0
19.603784478515625 274.0
19.6437896796875 219.0
19.68380871875 235.0
19.723785990234376 263.0
19.763788216796875 264.0
19.80379180859375 267.0
19.8438031953125 271.0
19.883794705078124 213.0
19.923792607421873 214.0
19.963798474609376 263.0
19.999781634765625 265.0
